90 60 9 6
   8.3145901e-42   6.7898357e-41   4.5396144e-40   2.4849871e-39   1.1139807e-38   4.1133331e-38   1.4259146e-37   1.4983972e-36   5.9715543e-35   2.3917413e-33   7.9171748e-32   2.1465198e-30   4.7648311e-29   8.6596730e-28   1.2885361e-26   1.5697583e-25   1.5657056e-24   1.2785818e-23   8.5484630e-23   4.6793837e-22   2.0971543e-21   7.6950812e-21   2.3117301e-20   5.6859386e-20   1.1450074e-19   1.8877981e-19   2.5482609e-19   2.8162638e-19   2.5482609e-19   1.8877981e-19   1.1450074e-19   5.6859386e-20   2.3117301e-20   7.6950812e-21   2.0971543e-21   4.6793837e-22   8.5484630e-23   1.2785818e-23   1.5657056e-24   1.5697583e-25   1.2885361e-26   8.6596730e-28   4.7648309e-29   2.1465183e-30   7.9170395e-32   2.3907391e-33   5.9109481e-35   1.2053581e-36   5.2519788e-38   9.8480523e-38   2.4192497e-37   5.9497912e-37   2.7360712e-35   5.3217696e-33   8.7271043e-31   1.1719593e-28   1.2885361e-26   1.1599032e-24   8.5484630e-23   5.1581672e-21   2.5482609e-19   1.0307028e-17   3.4132191e-16   9.2541376e-15   2.0542289e-13   3.7333856e-12   5.5551775e-11   6.7675917e-10   6.7501194e-09   5.5122622e-08   3.6854403e-07   2.0173907e-06   9.0413176e-06   3.3175277e-05   9.9664039e-05   2.4513398e-04   4.9363922e-04   8.1387348e-04   1.0986143e-03   1.2141566e-03   1.0986143e-03   8.1387348e-04   4.9363922e-04   2.4513398e-04   9.9664039e-05   3.3175277e-05   9.0413176e-06   2.0173907e-06   3.6854403e-07   5.5122622e-08
   2.4849599e-39   2.0292605e-38   1.3567423e-37   7.4267516e-37   3.3286121e-36   1.2229238e-35   3.7886339e-35   1.6243662e-34   3.7482894e-33   1.4455748e-31   4.7775688e-30   1.2952198e-28   2.8751131e-27   5.2252716e-26   7.7750640e-25   9.4719670e-24   9.4475127e-23   7.7149994e-22   5.1581672e-21   2.8235536e-20   1.2654289e-19   4.6432341e-19   1.3949046e-18   3.4309117e-18   6.9090078e-18   1.1391028e-17   1.5376280e-17   1.6993417e-17   1.5376280e-17   1.1391028e-17   6.9090078e-18   3.4309117e-18   1.3949046e-18   4.6432341e-19   1.2654289e-19   2.8235536e-20   5.1581672e-21   7.7149994e-22   9.4475127e-23   9.4719670e-24   7.7750640e-25   5.2252716e-26   2.8751127e-27   1.2952153e-28   4.7771644e-30   1.4425797e-31   3.5671573e-33   7.4856801e-35   1.0966852e-35   2.9368152e-35   7.2196224e-35   1.4597512e-34   3.8507368e-34   2.9448712e-32   4.7775220e-30   6.4152468e-28   7.0533789e-26   6.3492493e-24   4.6793837e-22   2.8235536e-20   1.3949046e-18   5.6420131e-17   1.8683782e-15   5.0656662e-14   1.1244741e-12   2.0436356e-11   3.0408750e-10   3.7045441e-09   3.6949799e-08   3.0173833e-07   2.0173907e-06   1.1043090e-05   4.9491697e-05   1.8159972e-04   5.4555571e-04   1.3418505e-03   2.7021551e-03   4.4551006e-03   6.0137568e-03   6.6462291e-03   6.0137568e-03   4.4551006e-03   2.7021551e-03   1.3418505e-03   5.4555571e-04   1.8159972e-04   4.9491697e-05   1.1043090e-05   2.0173907e-06   3.0173833e-07
   6.0804965e-37   4.9654368e-36   3.3198387e-35   1.8172630e-34   8.1444932e-34   2.9892255e-33   9.0368278e-33   2.5648192e-32   2.2066389e-31   7.2000054e-30   2.3610258e-28   6.3987903e-27   1.4203771e-25   2.5814122e-24   3.8410720e-23   4.6793837e-22   4.6673027e-21   3.8113986e-20   2.5482609e-19   1.3949046e-18   6.2515288e-18   2.2938714e-17   6.8911704e-17   1.6949544e-16   3.4132191e-16   5.6274468e-16   7.5962587e-16   8.3951642e-16   7.5962587e-16   5.6274468e-16   3.4132191e-16   1.6949544e-16   6.8911704e-17   2.2938714e-17   6.2515288e-18   1.3949046e-18   2.5482609e-19   3.8113986e-20   4.6673027e-21   4.6793837e-22   3.8410720e-23   2.5814121e-24   1.4203761e-25   6.3986810e-27   2.3600363e-28   7.1267184e-30   1.7634234e-31   4.2181155e-33   2.4498463e-33   7.1829782e-33   1.7665321e-32   3.5576214e-32   5.9302424e-32   2.0970031e-31   2.1497262e-29   2.8751919e-27   3.1611057e-25   2.8455361e-23   2.0971543e-21   1.2654289e-19   6.2515288e-18   2.5285749e-16   8.3734899e-15   2.2702741e-13   5.0395434e-12   9.1589394e-11   1.3628256e-09   1.6602615e-08   1.6559751e-07   1.3522974e-06   9.0413176e-06   4.9491697e-05   2.2180640e-04   8.1387348e-04   2.4450110e-03   6.0137568e-03   1.2110219e-02   1.9966376e-02   2.6951788e-02   2.9786332e-02   2.6951788e-02   1.9966376e-02   1.2110219e-02   6.0137568e-03   2.4450110e-03   8.1387348e-04   2.2180640e-04   4.9491697e-05   9.0413176e-06   1.3522974e-06
   1.2181473e-34   9.9475976e-34   6.6508588e-33   3.6406454e-32   1.6316275e-31   5.9872366e-31   1.8009586e-30   4.5680209e-30   1.6035057e-29   3.0294288e-28   9.5655362e-27   2.5883131e-25   5.7450582e-24   1.0441118e-22   1.5536101e-21   1.8926846e-20   1.8877981e-19   1.5416080e-18   1.0307028e-17   5.6420131e-17   2.5285749e-16   9.2780913e-16   2.7872927e-15   6.8556337e-15   1.3805551e-14   2.2761506e-14   3.0724819e-14   3.3956176e-14   3.0724819e-14   2.2761506e-14   1.3805551e-14   6.8556337e-15   2.7872927e-15   9.2780913e-16   2.5285749e-16   5.6420131e-17   1.0307028e-17   1.5416080e-18   1.8877981e-19   1.8926846e-20   1.5536101e-21   1.0441116e-22   5.7450384e-24   2.5880940e-25   9.5457111e-27   2.8826080e-28   7.1558170e-30   2.7478778e-31   4.8134372e-31   1.4388867e-30   3.5390108e-30   7.1267016e-30   1.1752319e-29   1.6339697e-29   9.6087615e-29   1.0565502e-26   1.1599150e-24   1.0441117e-22   7.6950812e-21   4.6432341e-19   2.2938714e-17   9.2780913e-16   3.0724819e-14   8.3303092e-13   1.8491580e-11   3.3606866e-10   5.0006115e-09   6.0919919e-08   6.0762639e-07   4.9619803e-06   3.3175277e-05   1.8159972e-04   8.1387348e-04   2.9863432e-03   8.9714709e-03   2.2066258e-02   4.4435986e-02   7.3262556e-02   9.8894106e-02   1.0929489e-01   9.8894106e-02   7.3262556e-02   4.4435986e-02   2.2066258e-02   8.9714709e-03   2.9863432e-03   8.1387348e-04   1.8159972e-04   3.3175277e-05   4.9619803e-06
   1.9980284e-32   1.6316239e-31   1.0908865e-30   5.9714556e-30   2.6762219e-29   9.8199551e-29   2.9508370e-28   7.3037122e-28   1.6971706e-27   1.1954767e-26   3.1936240e-25   8.5741840e-24   1.9025279e-22   3.4576253e-21   5.1448502e-20   6.2677105e-19   6.2515288e-18   5.1051046e-17   3.4132191e-16   1.8683782e-15   8.3734899e-15   3.0724819e-14   9.2302457e-14   2.2702741e-13   4.5717706e-13   7.5375754e-13   1.0174663e-12   1.1244741e-12   1.0174663e-12   7.5375754e-13   4.5717706e-13   2.2702741e-13   9.2302457e-14   3.0724819e-14   8.3734899e-15   1.8683782e-15   3.4132191e-16   5.1051046e-17   6.2515288e-18   6.2677104e-19   5.1448500e-20   3.4576228e-21   1.9024954e-22   8.5705902e-24   3.1611064e-25   9.5465830e-27   2.4078079e-28   2.6186930e-29   7.8637952e-29   2.3600470e-28   5.8047525e-28   1.1689336e-27   1.9272529e-27   2.6029484e-27   3.1111163e-27   3.4294384e-26   3.4864692e-24   3.1366964e-22   2.3117302e-20   1.3949046e-18   6.8911704e-17   2.7872927e-15   9.2302457e-14   2.5025632e-12   5.5551775e-11   1.0096060e-09   1.5022667e-08   1.8301355e-07   1.8254105e-06   1.4906613e-05   9.9664039e-05   5.4555571e-04   2.4450110e-03   8.9714709e-03   2.6951788e-02   6.6290702e-02   1.3349308e-01   2.2009288e-01   2.9709431e-01   3.2833999e-01   2.9709431e-01   2.2009288e-01   1.3349308e-01   6.6290702e-02   2.6951788e-02   8.9714709e-03   2.4450110e-03   5.4555571e-04   9.9664039e-05   1.4906613e-05
   2.6831479e-30   2.1911042e-29   1.4649491e-28   8.0190545e-28   3.5938912e-27   1.3187081e-26   3.9618239e-26   9.7569387e-26   2.0261847e-25   5.8232114e-25   9.0072853e-24   2.3285394e-22   5.1586039e-21   9.3745603e-20   1.3949048e-18   1.6993417e-17   1.6949544e-16   1.3841286e-15   9.2541376e-15   5.0656662e-14   2.2702741e-13   8.3303092e-13   2.5025632e-12   6.1553122e-12   1.2395277e-11   2.0436356e-11   2.7586195e-11   3.0487461e-11   2.7586195e-11   2.0436356e-11   1.2395277e-11   6.1553122e-12   2.5025632e-12   8.3303092e-13   2.2702741e-13   5.0656662e-14   9.2541376e-15   1.3841286e-15   1.6949544e-16   1.6993417e-17   1.3949046e-18   9.3745280e-20   5.1581672e-21   2.3237132e-22   8.5706077e-24   2.5892659e-25   7.0402053e-27   3.0046342e-27   1.0551788e-26   3.1692903e-26   7.7951893e-26   1.5697583e-25   2.5880941e-25   3.4935968e-25   3.8667873e-25   4.2730804e-25   8.8293996e-24   7.7165692e-22   5.6859464e-20   3.4309118e-18   1.6949544e-16   6.8556337e-15   2.2702741e-13   6.1553122e-12   1.3663532e-10   2.4832302e-09   3.6949799e-08   4.5014070e-07   4.4897855e-06   3.6664351e-05   2.4513398e-04   1.3418505e-03   6.0137568e-03   2.2066258e-02   6.6290702e-02   1.6304882e-01   3.2833999e-01   5.4134113e-01   7.3073410e-01   8.0758607e-01   7.3073410e-01   5.4134113e-01   3.2833999e-01   1.6304882e-01   6.6290702e-02   2.2066258e-02   6.0137568e-03   1.3418505e-03   2.4513398e-04   3.6664351e-05
   2.9500453e-28   2.4090571e-27   1.6106701e-26   8.8167236e-26   3.9513815e-25   1.4498797e-24   4.3557251e-24   1.0716113e-23   2.1715849e-23   4.1314240e-23   2.3826294e-22   5.2112302e-21   1.1454876e-19   2.0809887e-18   3.0964046e-17   3.7721905e-16   3.7624516e-15   3.0724819e-14   2.0542289e-13   1.1244741e-12   5.0395434e-12   1.8491580e-11   5.5551775e-11   1.3663532e-10   2.7514975e-10   4.5364524e-10   6.1235702e-10   6.7675917e-10   6.1235702e-10   4.5364524e-10   2.7514975e-10   1.3663532e-10   5.5551775e-11   1.8491580e-11   5.0395434e-12   1.1244741e-12   2.0542289e-13   3.0724819e-14   3.7624516e-15   3.7721904e-16   3.0964025e-17   2.0809532e-18   1.1450074e-19   5.1581674e-21   1.9025147e-22   5.7579237e-24   2.1257140e-25   3.1898562e-25   1.1599509e-24   3.4845426e-24   8.5705902e-24   1.7259049e-23   2.8455361e-23   3.8410727e-23   4.2451580e-23   3.8567696e-23   4.5714411e-23   1.5708691e-21   1.1450931e-19   6.9090113e-18   3.4132191e-16   1.3805551e-14   4.5717706e-13   1.2395277e-11   2.7514975e-10   5.0006115e-09   7.4407757e-08   9.0647205e-07   9.0413176e-06   7.3832936e-05   4.9363922e-04   2.7021551e-03   1.2110219e-02   4.4435986e-02   1.3349308e-01   3.2833999e-01   6.6119555e-01   1.0901272e+00   1.4715178e+00   1.6262786e+00   1.4715178e+00   1.0901272e+00   6.6119555e-01   3.2833999e-01   1.3349308e-01   4.4435986e-02   1.2110219e-02   2.7021551e-03   4.9363922e-04   7.3832936e-05
   2.6555461e-26   2.1685641e-25   1.4498791e-24   7.9365617e-24   3.5569202e-23   1.3051397e-22   3.9208645e-22   9.6442718e-22   1.9445940e-21   3.3062487e-21   7.7796514e-21   9.8521860e-20   2.0852752e-18   3.7822747e-17   5.6274663e-16   6.8556347e-15   6.8379342e-14   5.5839732e-13   3.7333856e-12   2.0436356e-11   9.1589394e-11   3.3606866e-10   1.0096060e-09   2.4832302e-09   5.0006115e-09   8.2446145e-09   1.1129065e-08   1.2299520e-08   1.1129065e-08   8.2446145e-09   5.0006115e-09   2.4832302e-09   1.0096060e-09   3.3606866e-10   9.1589394e-11   2.0436356e-11   3.7333856e-12   5.5839732e-13   6.8379342e-14   6.8556337e-15   5.6274468e-16   3.7819545e-17   2.0809532e-18   9.3745301e-20   3.4577963e-21   1.0557107e-22   8.9306615e-24   2.8507614e-23   1.0441203e-22   3.1366848e-22   7.7149994e-22   1.5536101e-21   2.5614700e-21   3.4576229e-21   3.8212661e-21   3.4578817e-21   2.5899254e-21   4.1150801e-21   1.8955131e-19   1.1391342e-17   5.6274479e-16   2.2761506e-14   7.5375754e-13   2.0436356e-11   4.5364524e-10   8.2446145e-09   1.2267765e-07   1.4945198e-06   1.4906613e-05   1.2172993e-04   8.1387348e-04   4.4551006e-03   1.9966376e-02   7.3262556e-02   2.2009288e-01   5.4134113e-01   1.0901272e+00   1.7973159e+00   2.4261226e+00   2.6812802e+00   2.4261226e+00   1.7973159e+00   1.0901272e+00   5.4134113e-01   2.2009288e-01   7.3262556e-02   1.9966376e-02   4.4551006e-03   8.1387348e-04   1.2172993e-04
   1.9571320e-24   1.5982273e-23   1.0685579e-22   5.8492296e-22   2.6214428e-21   9.6188516e-21   2.8896640e-20   7.1075010e-20   1.4316434e-19   2.3752837e-19   3.6998111e-19   1.7469376e-18   3.1282557e-17   5.6298066e-16   8.3736331e-15   1.0201006e-13   1.0174663e-12   8.3088024e-12   5.5551775e-11   3.0408750e-10   1.3628256e-09   5.0006115e-09   1.5022667e-08   3.6949799e-08   7.4407757e-08   1.2267765e-07   1.6559751e-07   1.8301355e-07   1.6559751e-07   1.2267765e-07   7.4407757e-08   3.6949799e-08   1.5022667e-08   5.0006115e-09   1.3628256e-09   3.0408750e-10   5.5551775e-11   8.3088024e-12   1.0174663e-12   1.0200999e-13   8.3734899e-15   5.6274468e-16   3.0964025e-17   1.3949062e-18   5.1461286e-20   1.6390947e-21   5.0634909e-22   2.0979318e-21   7.6950940e-21   2.3117302e-20   5.6859386e-20   1.1450074e-19   1.8877981e-19   2.5482609e-19   2.8162639e-19   2.5482644e-19   1.8881822e-19   1.1795837e-19   3.1168548e-19   1.5399397e-17   7.5963356e-16   3.0724821e-14   1.0174663e-12   2.7586195e-11   6.1235702e-10   1.1129065e-08   1.6559751e-07   2.0173907e-06   2.0121822e-05   1.6431822e-04   1.0986143e-03   6.0137568e-03   2.6951788e-02   9.8894106e-02   2.9709431e-01   7.3073410e-01   1.4715178e+00   2.4261226e+00   3.2749230e+00   3.6193497e+00   3.2749230e+00   2.4261226e+00   1.4715178e+00   7.3073410e-01   2.9709431e-01   9.8894106e-02   2.6951788e-02   6.0137568e-03   1.0986143e-03   1.6431822e-04
   1.1809391e-22   9.6437492e-22   6.4477089e-21   3.5294420e-20   1.5817861e-19   5.8040426e-19   1.7436309e-18   4.2886491e-18   8.6367277e-18   1.4257712e-17   1.9847121e-17   3.8235188e-17   3.9643939e-16   6.8698725e-15   1.0201863e-13   1.2427404e-12   1.2395278e-11   1.0122194e-10   6.7675917e-10   3.7045441e-09   1.6602615e-08   6.0919919e-08   1.8301355e-07   4.5014070e-07   9.0647205e-07   1.4945198e-06   2.0173907e-06   2.2295615e-06   2.0173907e-06   1.4945198e-06   9.0647205e-07   4.5014070e-07   1.8301355e-07   6.0919919e-08   1.6602615e-08   3.7045441e-09   6.7675917e-10   1.0122193e-10   1.2395277e-11   1.2427361e-12   1.0200999e-13   6.8556337e-15   3.7721905e-16   1.6993511e-17   6.2754254e-19   2.4085013e-20   2.8703474e-20   1.2655236e-19   4.6432357e-19   1.3949046e-18   3.4309117e-18   6.9090078e-18   1.1391028e-17   1.5376280e-17   1.6993417e-17   1.5376280e-17   1.1391071e-17   6.9128290e-18   3.7125381e-18   1.8388322e-17   8.3998074e-16   3.3956303e-14   1.1244741e-12   3.0487461e-11   6.7675917e-10   1.2299520e-08   1.8301355e-07   2.2295615e-06   2.2238053e-05   1.8159972e-04   1.2141566e-03   6.6462291e-03   2.9786332e-02   1.0929489e-01   3.2833999e-01   8.0758607e-01   1.6262786e+00   2.6812802e+00   3.6193497e+00   4.0000000e+00   3.6193497e+00   2.6812802e+00   1.6262786e+00   8.0758607e-01   3.2833999e-01   1.0929489e-01   2.9786332e-02   6.6462291e-03   1.2141566e-03   1.8159972e-04
   5.8341283e-21   4.7642483e-20   3.1853261e-19   1.7436308e-18   7.8144109e-18   2.8673392e-17   8.6139632e-17   2.1186940e-16   4.2665705e-16   7.0361964e-16   9.5578387e-16   1.2188910e-15   4.7119839e-15   6.9082772e-14   1.0178929e-12   1.2395488e-11   1.2363284e-10   1.0096061e-09   6.7501194e-09   3.6949799e-08   1.6559751e-07   6.0762639e-07   1.8254105e-06   4.4897855e-06   9.0413176e-06   1.4906613e-05   2.0121822e-05   2.2238053e-05   2.0121822e-05   1.4906613e-05   9.0413176e-06   4.4897855e-06   1.8254105e-06   6.0762639e-07   1.6559751e-07   3.6949799e-08   6.7501194e-09   1.0096060e-09   1.2363275e-10   1.2395277e-11   1.0174663e-12   6.8379342e-14   3.7624520e-15   1.6950011e-16   6.2896427e-18   4.4360590e-19   1.3995719e-18   6.2516232e-18   2.2938715e-17   6.8911704e-17   1.6949544e-16   3.4132191e-16   5.6274468e-16   7.5962587e-16   8.3951642e-16   7.5962587e-16   5.6274472e-16   3.4132536e-16   1.6975027e-16   8.4287984e-17   7.8256458e-16   3.0731070e-14   1.0174677e-12   2.7586196e-11   6.1235702e-10   1.1129065e-08   1.6559751e-07   2.0173907e-06   2.0121822e-05   1.6431822e-04   1.0986143e-03   6.0137568e-03   2.6951788e-02   9.8894106e-02   2.9709431e-01   7.3073410e-01   1.4715178e+00   2.4261226e+00   3.2749230e+00   3.6193497e+00   3.2749230e+00   2.4261226e+00   1.4715178e+00   7.3073410e-01   2.9709431e-01   9.8894106e-02   2.6951788e-02   6.0137568e-03   1.0986143e-03   1.6431822e-04
   2.3597476e-19   1.9270100e-18   1.2883786e-17   7.0525164e-17   3.1607186e-16   1.1597614e-15   3.4841159e-15   8.5695429e-15   1.7256977e-14   2.8453424e-14   3.8457074e-14   4.3829349e-14   6.9130842e-14   5.8684920e-13   8.3260593e-12   1.0123050e-10   1.0096095e-09   8.2446156e-09   5.5122623e-08   3.0173833e-07   1.3522974e-06   4.9619803e-06   1.4906613e-05   3.6664351e-05   7.3832936e-05   1.2172993e-04   1.6431822e-04   1.8159972e-04   1.6431822e-04   1.2172993e-04   7.3832936e-05   3.6664351e-05   1.4906613e-05   4.9619803e-06   1.3522974e-06   3.0173833e-07   5.5122622e-08   8.2446145e-09   1.0096060e-09   1.0122193e-10   8.3088024e-12   5.5839732e-13   3.0724838e-14   1.3843174e-15   5.2592654e-17   1.1848636e-17   5.6458245e-17   2.5285826e-16   9.2780914e-16   2.7872927e-15   6.8556337e-15   1.3805551e-14   2.2761506e-14   3.0724819e-14   3.3956176e-14   3.0724819e-14   2.2761506e-14   1.3805554e-14   6.8558225e-15   2.7986837e-15   1.4905538e-15   2.3014363e-14   7.5381396e-13   2.0436366e-11   4.5364524e-10   8.2446145e-09   1.2267765e-07   1.4945198e-06   1.4906613e-05   1.2172993e-04   8.1387348e-04   4.4551006e-03   1.9966376e-02   7.3262556e-02   2.2009288e-01   5.4134113e-01   1.0901272e+00   1.7973159e+00   2.4261226e+00   2.6812802e+00   2.4261226e+00   1.7973159e+00   1.0901272e+00   5.4134113e-01   2.2009288e-01   7.3262556e-02   1.9966376e-02   4.4551006e-03   8.1387348e-04   1.2172993e-04
   7.8144109e-18   6.3813808e-17   4.2665238e-16   2.3354727e-15   1.0466862e-14   3.8406023e-14   1.1537807e-13   2.8378427e-13   5.7147158e-13   9.4220724e-13   1.2721741e-12   1.4148468e-12   1.4772557e-12   4.6755825e-12   5.6123247e-11   6.7704295e-10   6.7502348e-09   5.5122661e-08   3.6854404e-07   2.0173907e-06   9.0413176e-06   3.3175277e-05   9.9664039e-05   2.4513398e-04   4.9363922e-04   8.1387348e-04   1.0986143e-03   1.2141566e-03   1.0986143e-03   8.1387348e-04   4.9363922e-04   2.4513398e-04   9.9664039e-05   3.3175277e-05   9.0413176e-06   2.0173907e-06   3.6854403e-07   5.5122622e-08   6.7501194e-09   6.7675917e-10   5.5551775e-11   3.7333856e-12   2.0542352e-13   9.2603891e-15   3.9237295e-16   3.5162893e-16   1.8686330e-15   8.3734951e-15   3.0724819e-14   9.2302457e-14   2.2702741e-13   4.5717706e-13   7.5375754e-13   1.0174663e-12   1.1244741e-12   1.0174663e-12   7.5375754e-13   4.5717706e-13   2.2702752e-13   9.2309366e-14   3.1066141e-14   2.2179041e-14   4.5904544e-13   1.2395618e-11   2.7514980e-10   5.0006115e-09   7.4407757e-08   9.0647205e-07   9.0413176e-06   7.3832936e-05   4.9363922e-04   2.7021551e-03   1.2110219e-02   4.4435986e-02   1.3349308e-01   3.2833999e-01   6.6119555e-01   1.0901272e+00   1.4715178e+00   1.6262786e+00   1.4715178e+00   1.0901272e+00   6.6119555e-01   3.2833999e-01   1.3349308e-01   4.4435986e-02   1.2110219e-02   2.7021551e-03   4.9363922e-04   7.3832936e-05
   2.1186930e-16   1.7301607e-15   1.1567672e-14   6.3320828e-14   2.8378426e-13   1.0412886e-12   3.1282040e-12   7.6941402e-12   1.5494097e-11   2.5545502e-11   3.4484612e-11   3.8159983e-11   3.5607218e-11   4.5981801e-11   3.1958159e-10   3.7122382e-09   3.6952927e-08   3.0173938e-07   2.0173909e-06   1.1043090e-05   4.9491697e-05   1.8159972e-04   5.4555571e-04   1.3418505e-03   2.7021551e-03   4.4551006e-03   6.0137568e-03   6.6462291e-03   6.0137568e-03   4.4551006e-03   2.7021551e-03   1.3418505e-03   5.4555571e-04   1.8159972e-04   4.9491697e-05   1.1043090e-05   2.0173907e-06   3.0173833e-07   3.6949799e-08   3.7045441e-09   3.0408750e-10   2.0436358e-11   1.1244911e-12   5.0826158e-14   3.2525067e-15   9.3105577e-15   5.0658057e-14   2.2702744e-13   8.3303092e-13   2.5025632e-12   6.1553122e-12   1.2395277e-11   2.0436356e-11   2.7586195e-11   3.0487461e-11   2.7586195e-11   2.0436356e-11   1.2395277e-11   6.1553122e-12   2.5025666e-12   8.3320041e-13   2.3388304e-13   2.7768407e-13   6.1645663e-12   1.3663670e-10   2.4832303e-09   3.6949799e-08   4.5014070e-07   4.4897855e-06   3.6664351e-05   2.4513398e-04   1.3418505e-03   6.0137568e-03   2.2066258e-02   6.6290702e-02   1.6304882e-01   3.2833999e-01   5.4134113e-01   7.3073410e-01   8.0758607e-01   7.3073410e-01   5.4134113e-01   3.2833999e-01   1.6304882e-01   6.6290702e-02   2.2066258e-02   6.0137568e-03   1.3418505e-03   2.4513398e-04   3.6664351e-05
   4.7030645e-15   3.8406023e-14   2.5677862e-13   1.4055926e-12   6.2994292e-12   2.3114475e-11   6.9439719e-11   1.7079415e-10   3.4393719e-10   5.6705680e-10   7.6545465e-10   8.4617599e-10   7.7048582e-10   6.5864594e-10   1.7067628e-09   1.6773409e-08   1.6566695e-07   1.3523205e-06   9.0413239e-06   4.9491698e-05   2.2180640e-04   8.1387348e-04   2.4450110e-03   6.0137568e-03   1.2110219e-02   1.9966376e-02   2.6951788e-02   2.9786332e-02   2.6951788e-02   1.9966376e-02   1.2110219e-02   6.0137568e-03   2.4450110e-03   8.1387348e-04   2.2180640e-04   4.9491697e-05   9.0413176e-06   1.3522974e-06   1.6559751e-07   1.6602615e-08   1.3628256e-09   9.1589425e-11   5.0399206e-12   2.3078986e-13   3.9098309e-14   2.0567575e-13   1.1244804e-12   5.0395435e-12   1.8491580e-11   5.5551775e-11   1.3663532e-10   2.7514975e-10   4.5364524e-10   6.1235702e-10   6.7675917e-10   6.1235702e-10   4.5364524e-10   2.7514975e-10   1.3663532e-10   5.5551777e-11   1.8491649e-11   5.0423307e-12   1.2167766e-12   2.7079861e-12   5.5582500e-11   1.0096098e-09   1.5022667e-08   1.8301355e-07   1.8254105e-06   1.4906613e-05   9.9664039e-05   5.4555571e-04   2.4450110e-03   8.9714709e-03   2.6951788e-02   6.6290702e-02   1.3349308e-01   2.2009288e-01   2.9709431e-01   3.2833999e-01   2.9709431e-01   2.2009288e-01   1.3349308e-01   6.6290702e-02   2.6951788e-02   8.9714709e-03   2.4450110e-03   5.4555571e-04   9.9664039e-05   1.4906613e-05
   8.5474177e-14   6.9799665e-13   4.6667319e-12   2.5545445e-11   1.1448674e-10   4.2008582e-10   1.2620076e-09   3.1040377e-09   6.2507644e-09   1.0305769e-08   1.3911363e-08   1.5375232e-08   1.3929823e-08   1.0641837e-08   1.1251376e-08   6.4023957e-08   6.0888839e-07   4.9624004e-06   3.3175391e-05   1.8159974e-04   8.1387348e-04   2.9863432e-03   8.9714709e-03   2.2066258e-02   4.4435986e-02   7.3262556e-02   9.8894106e-02   1.0929489e-01   9.8894106e-02   7.3262556e-02   4.4435986e-02   2.2066258e-02   8.9714709e-03   2.9863432e-03   8.1387348e-04   1.8159972e-04   3.3175277e-05   4.9619803e-06   6.0762639e-07   6.0919919e-08   5.0006115e-09   3.3606922e-10   1.8498435e-11   9.0141026e-13   5.8912214e-13   3.7343134e-12   2.0436379e-11   9.1589394e-11   3.3606866e-10   1.0096060e-09   2.4832302e-09   5.0006115e-09   8.2446145e-09   1.1129065e-08   1.2299520e-08   1.1129065e-08   8.2446145e-09   5.0006115e-09   2.4832302e-09   1.0096060e-09   3.3606868e-10   9.1590322e-11   2.0467081e-11   4.5664165e-12   1.9049977e-11   3.3613704e-10   5.0006183e-09   6.0919920e-08   6.0762639e-07   4.9619803e-06   3.3175277e-05   1.8159972e-04   8.1387348e-04   2.9863432e-03   8.9714709e-03   2.2066258e-02   4.4435986e-02   7.3262556e-02   9.8894106e-02   1.0929489e-01   9.8894106e-02   7.3262556e-02   4.4435986e-02   2.2066258e-02   8.9714709e-03   2.9863432e-03   8.1387348e-04   1.8159972e-04   3.3175277e-05   4.9619803e-06
   1.2718328e-12   1.0386003e-11   6.9439719e-11   3.8010937e-10   1.7035320e-09   6.2507643e-09   1.8778334e-08   4.6187248e-08   9.3009696e-08   1.5334707e-07   2.0699698e-07   2.2876944e-07   2.0705244e-07   1.5435667e-07   1.0803236e-07   2.2920080e-07   1.8441889e-06   1.4912863e-05   9.9665742e-05   5.4555609e-04   2.4450111e-03   8.9714709e-03   2.6951788e-02   6.6290702e-02   1.3349308e-01   2.2009288e-01   2.9709431e-01   3.2833999e-01   2.9709431e-01   2.2009288e-01   1.3349308e-01   6.6290702e-02   2.6951788e-02   8.9714709e-03   2.4450110e-03   5.4555571e-04   9.9664039e-05   1.4906613e-05   1.8254105e-06   1.8301355e-07   1.5022668e-08   1.0096144e-09   5.5653785e-11   3.5200294e-12   8.4011048e-12   5.5554563e-11   3.0408757e-10   1.3628256e-09   5.0006115e-09   1.5022667e-08   3.6949799e-08   7.4407757e-08   1.2267765e-07   1.6559751e-07   1.8301355e-07   1.6559751e-07   1.2267765e-07   7.4407757e-08   3.6949799e-08   1.5022667e-08   5.0006115e-09   1.3628259e-09   3.0409587e-10   5.5778803e-11   1.3348346e-11   9.2606860e-11   1.3629276e-09   1.6602623e-08   1.6559751e-07   1.3522974e-06   9.0413176e-06   4.9491697e-05   2.2180640e-04   8.1387348e-04   2.4450110e-03   6.0137568e-03   1.2110219e-02   1.9966376e-02   2.6951788e-02   2.9786332e-02   2.6951788e-02   1.9966376e-02   1.2110219e-02   6.0137568e-03   2.4450110e-03   8.1387348e-04   2.2180640e-04   4.9491697e-05   9.0413176e-06   1.3522974e-06
   1.5494096e-11   1.2652742e-10   8.4594896e-10   4.6306801e-09   2.0753268e-08   7.6149899e-08   2.2876694e-07   5.6267587e-07   1.1330901e-06   1.8681497e-06   2.5217385e-06   2.7869580e-06   2.5218749e-06   1.8706329e-06   1.1700399e-06   1.0128166e-06   4.7185524e-06   3.6740501e-05   2.4515473e-04   1.3418551e-03   6.0137576e-03   2.2066258e-02   6.6290702e-02   1.6304882e-01   3.2833999e-01   5.4134113e-01   7.3073410e-01   8.0758607e-01   7.3073410e-01   5.4134113e-01   3.2833999e-01   1.6304882e-01   6.6290702e-02   2.2066258e-02   6.0137568e-03   1.3418505e-03   2.4513398e-04   3.6664351e-05   4.4897855e-06   4.5014070e-07   3.6949806e-08   2.4833322e-09   1.3787806e-10   1.8550589e-11   1.0144896e-10   6.7676602e-10   3.7045443e-09   1.6602615e-08   6.0919919e-08   1.8301355e-07   4.5014070e-07   9.0647205e-07   1.4945198e-06   2.0173907e-06   2.2295615e-06   2.0173907e-06   1.4945198e-06   9.0647205e-07   4.5014070e-07   1.8301355e-07   6.0919919e-08   1.6602615e-08   3.7045460e-09   6.7680983e-10   1.0234641e-10   3.2831633e-11   3.0533023e-10   3.7046461e-09   3.6949806e-08   3.0173833e-07   2.0173907e-06   1.1043090e-05   4.9491697e-05   1.8159972e-04   5.4555571e-04   1.3418505e-03   2.7021551e-03   4.4551006e-03   6.0137568e-03   6.6462291e-03   6.0137568e-03   4.4551006e-03   2.7021551e-03   1.3418505e-03   5.4555571e-04   1.8159972e-04   4.9491697e-05   1.1043090e-05   2.0173907e-06   3.0173833e-07
   1.5454094e-10   1.2620076e-09   8.4376493e-09   4.6187248e-08   2.0699689e-07   7.5953298e-07   2.2817632e-06   5.6122318e-06   1.1301647e-05   1.8633266e-05   2.5152278e-05   2.7797579e-05   2.5152553e-05   1.8638266e-05   1.1376055e-05   6.5187039e-06   1.1323081e-05   7.4592469e-05   4.9384621e-04   2.7022013e-03   1.2110227e-02   4.4435987e-02   1.3349308e-01   3.2833999e-01   6.6119555e-01   1.0901272e+00   1.4715178e+00   1.6262786e+00   1.4715178e+00   1.0901272e+00   6.6119555e-01   3.2833999e-01   1.3349308e-01   4.4435986e-02   1.2110219e-02   2.7021551e-03   4.9363922e-04   7.3832936e-05   9.0413176e-06   9.0647205e-07   7.4407825e-08   5.0016289e-09   2.8754502e-10   1.3602803e-10   1.0100632e-09   6.7501332e-09   3.6949799e-08   1.6559751e-07   6.0762639e-07   1.8254105e-06   4.4897855e-06   9.0413176e-06   1.4906613e-05   2.0121822e-05   2.2238053e-05   2.0121822e-05   1.4906613e-05   9.0413176e-06   4.4897855e-06   1.8254105e-06   6.0762639e-07   1.6559751e-07   3.6949799e-08   6.7501287e-09   1.0098115e-09   1.2736614e-10   6.7947052e-11   6.7777664e-10   6.7501878e-09   5.5122626e-08   3.6854403e-07   2.0173907e-06   9.0413176e-06   3.3175277e-05   9.9664039e-05   2.4513398e-04   4.9363922e-04   8.1387348e-04   1.0986143e-03   1.2141566e-03   1.0986143e-03   8.1387348e-04   4.9363922e-04   2.4513398e-04   9.9664039e-05   3.3175277e-05   9.0413176e-06   2.0173907e-06   3.6854403e-07   5.5122622e-08
   1.2620076e-09   1.0305768e-08   6.8903278e-08   3.7717292e-07   1.6903717e-06   6.2024754e-06   1.8633266e-05   4.5830439e-05   9.2291170e-05   1.5216242e-04   2.0539778e-04   2.2699967e-04   2.0539823e-04   1.5217066e-04   9.2413848e-05   4.7324958e-05   3.3539879e-05   1.2793241e-04   8.1556385e-04   4.4554778e-03   1.9966445e-02   7.3262566e-02   2.2009288e-01   5.4134113e-01   1.0901272e+00   1.7973159e+00   2.4261226e+00   2.6812802e+00   2.4261226e+00   1.7973159e+00   1.0901272e+00   5.4134113e-01   2.2009288e-01   7.3262556e-02   1.9966376e-02   4.4551006e-03   8.1387348e-04   1.2172993e-04   1.4906613e-05   1.4945198e-06   1.2267821e-07   8.2529233e-09   5.5486718e-10   1.0300424e-09   8.2453682e-09   5.5122645e-08   3.0173833e-07   1.3522974e-06   4.9619803e-06   1.4906613e-05   3.6664351e-05   7.3832936e-05   1.2172993e-04   1.6431822e-04   1.8159972e-04   1.6431822e-04   1.2172993e-04   7.3832936e-05   3.6664351e-05   1.4906613e-05   4.9619803e-06   1.3522974e-06   3.0173833e-07   5.5122624e-08   8.2446452e-09   1.0101644e-09   1.0953074e-10   1.0953074e-10   1.0101644e-09   8.2446452e-09   5.5122624e-08   3.0173833e-07   1.3522974e-06   4.9619803e-06   1.4906613e-05   3.6664351e-05   7.3832936e-05   1.2172993e-04   1.6431822e-04   1.8159972e-04   1.6431822e-04   1.2172993e-04   7.3832936e-05   3.6664351e-05   1.4906613e-05   4.9619803e-06   1.3522974e-06   3.0173833e-07   5.5122622e-08   8.2446145e-09
   8.4376493e-09   6.8903278e-08   4.6068004e-07   2.5217383e-06   1.1301647e-05   4.1469096e-05   1.2458005e-04   3.0641748e-04   6.1704902e-04   1.0173418e-03   1.3732679e-03   1.5176957e-03   1.3732685e-03   1.0173530e-03   6.1721462e-04   3.0843487e-04   1.4470187e-04   2.0578732e-04   1.1099159e-03   6.0162785e-03   2.6952249e-02   9.8894175e-02   2.9709432e-01   7.3073410e-01   1.4715178e+00   2.4261226e+00   3.2749230e+00   3.6193497e+00   3.2749230e+00   2.4261226e+00   1.4715178e+00   7.3073410e-01   2.9709431e-01   9.8894106e-02   2.6951788e-02   6.0137568e-03   1.0986143e-03   1.6431822e-04   2.0121822e-05   2.0173909e-06   1.6560124e-07   1.1184618e-08   1.2891165e-09   6.7777058e-09   5.5123640e-08   3.6854406e-07   2.0173907e-06   9.0413176e-06   3.3175277e-05   9.9664039e-05   2.4513398e-04   4.9363922e-04   8.1387348e-04   1.0986143e-03   1.2141566e-03   1.0986143e-03   8.1387348e-04   4.9363922e-04   2.4513398e-04   9.9664039e-05   3.3175277e-05   9.0413176e-06   2.0173907e-06   3.6854403e-07   5.5122626e-08   6.7501878e-09   6.7777664e-10   6.7947052e-11   1.2736614e-10   1.0098115e-09   6.7501287e-09   3.6949799e-08   1.6559751e-07   6.0762639e-07   1.8254105e-06   4.4897855e-06   9.0413176e-06   1.4906613e-05   2.0121822e-05   2.2238053e-05   2.0121822e-05   1.4906613e-05   9.0413176e-06   4.4897855e-06   1.8254105e-06   6.0762639e-07   1.6559751e-07   3.6949799e-08   6.7501194e-09   1.0096060e-09
   4.6187248e-08   3.7717292e-07   2.5217383e-06   1.3803863e-05   6.1864621e-05   2.2699965e-04   6.8194463e-04   1.6773131e-03   3.3776939e-03   5.5688757e-03   7.5171960e-03   8.3077864e-03   7.5171966e-03   5.5688880e-03   3.3778769e-03   1.6795427e-03   7.0418269e-04   4.0859937e-04   1.2760212e-03   6.6600330e-03   2.9788854e-02   1.0929527e-01   3.2834004e-01   8.0758608e-01   1.6262786e+00   2.6812802e+00   3.6193497e+00   4.0000000e+00   3.6193497e+00   2.6812802e+00   1.6262786e+00   8.0758607e-01   3.2833999e-01   1.0929489e-01   2.9786332e-02   6.6462291e-03   1.2141566e-03   1.8159972e-04   2.2238053e-05   2.2295626e-06   1.8303402e-07   1.2603630e-08   4.3813171e-09   3.6980293e-08   3.0173946e-07   2.0173907e-06   1.1043090e-05   4.9491697e-05   1.8159972e-04   5.4555571e-04   1.3418505e-03   2.7021551e-03   4.4551006e-03   6.0137568e-03   6.6462291e-03   6.0137568e-03   4.4551006e-03   2.7021551e-03   1.3418505e-03   5.4555571e-04   1.8159972e-04   4.9491697e-05   1.1043090e-05   2.0173907e-06   3.0173833e-07   3.6949806e-08   3.7046461e-09   3.0533023e-10   3.2831633e-11   1.0234641e-10   6.7680983e-10   3.7045460e-09   1.6602615e-08   6.0919919e-08   1.8301355e-07   4.5014070e-07   9.0647205e-07   1.4945198e-06   2.0173907e-06   2.2295615e-06   2.0173907e-06   1.4945198e-06   9.0647205e-07   4.5014070e-07   1.8301355e-07   6.0919919e-08   1.6602615e-08   3.7045441e-09   6.7675917e-10   1.0122193e-10
   2.0699689e-07   1.6903717e-06   1.1301647e-05   6.1864621e-05   2.7725800e-04   1.0173418e-03   3.0562638e-03   7.5171960e-03   1.5137774e-02   2.4957970e-02   3.3689735e-02   3.7232915e-02   3.3689736e-02   2.4957981e-02   1.5137939e-02   7.5192134e-03   3.0763856e-03   1.1816601e-03   1.3758723e-03   6.0756214e-03   2.6963090e-02   9.8895796e-02   2.9709452e-01   7.3073412e-01   1.4715178e+00   2.4261226e+00   3.2749230e+00   3.6193497e+00   3.2749230e+00   2.4261226e+00   1.4715178e+00   7.3073410e-01   2.9709431e-01   9.8894106e-02   2.6951788e-02   6.0137568e-03   1.0986143e-03   1.6431822e-04   2.0121824e-05   2.0173968e-06   1.6569012e-07   1.2492645e-08   1.7215429e-08   1.6562532e-07   1.3522985e-06   9.0413177e-06   4.9491697e-05   2.2180640e-04   8.1387348e-04   2.4450110e-03   6.0137568e-03   1.2110219e-02   1.9966376e-02   2.6951788e-02   2.9786332e-02   2.6951788e-02   1.9966376e-02   1.2110219e-02   6.0137568e-03   2.4450110e-03   8.1387348e-04   2.2180640e-04   4.9491697e-05   9.0413176e-06   1.3522974e-06   1.6559751e-07   1.6602623e-08   1.3629276e-09   9.2606860e-11   1.3348346e-11   5.5778803e-11   3.0409587e-10   1.3628259e-09   5.0006115e-09   1.5022667e-08   3.6949799e-08   7.4407757e-08   1.2267765e-07   1.6559751e-07   1.8301355e-07   1.6559751e-07   1.2267765e-07   7.4407757e-08   3.6949799e-08   1.5022667e-08   5.0006115e-09   1.3628256e-09   3.0408750e-10   5.5551775e-11   8.3088024e-12
   7.5953298e-07   6.2024754e-06   4.1469096e-05   2.2699965e-04   1.0173418e-03   3.7329290e-03   1.1214339e-02   2.7582822e-02   5.5544983e-02   9.1578194e-02   1.2361763e-01   1.3661861e-01   1.2361763e-01   9.1578203e-02   5.5545105e-02   2.7584317e-02   1.1229245e-02   3.8546590e-03   1.8312153e-03   4.6821002e-03   2.0007845e-02   7.3268758e-02   2.2009364e-01   5.4134121e-01   1.0901272e+00   1.7973159e+00   2.4261226e+00   2.6812802e+00   2.4261226e+00   1.7973159e+00   1.0901272e+00   5.4134113e-01   2.2009288e-01   7.3262556e-02   1.9966376e-02   4.4551006e-03   8.1387349e-04   1.2172995e-04   1.4906641e-05   1.4945687e-06   1.2304131e-07   1.3265662e-08   6.1385959e-08   6.0765298e-07   4.9619836e-06   3.3175277e-05   1.8159972e-04   8.1387348e-04   2.9863432e-03   8.9714709e-03   2.2066258e-02   4.4435986e-02   7.3262556e-02   9.8894106e-02   1.0929489e-01   9.8894106e-02   7.3262556e-02   4.4435986e-02   2.2066258e-02   8.9714709e-03   2.9863432e-03   8.1387348e-04   1.8159972e-04   3.3175277e-05   4.9619803e-06   6.0762639e-07   6.0919920e-08   5.0006183e-09   3.3613704e-10   1.9049977e-11   4.5664165e-12   2.0467081e-11   9.1590322e-11   3.3606868e-10   1.0096060e-09   2.4832302e-09   5.0006115e-09   8.2446145e-09   1.1129065e-08   1.2299520e-08   1.1129065e-08   8.2446145e-09   5.0006115e-09   2.4832302e-09   1.0096060e-09   3.3606866e-10   9.1589394e-11   2.0436356e-11   3.7333856e-12   5.5839732e-13
   2.2817632e-06   1.8633266e-05   1.2458005e-04   6.8194463e-04   3.0562638e-03   1.1214339e-02   3.3689735e-02   8.2863377e-02   1.6686635e-01   2.7511610e-01   3.7136789e-01   4.1042499e-01   3.7136789e-01   2.7511611e-01   1.6686642e-01   8.2864283e-02   3.3698776e-02   1.1288172e-02   3.5499030e-03   3.3840997e-03   1.2234799e-02   4.4454619e-02   1.3349536e-01   3.2834022e-01   6.6119557e-01   1.0901272e+00   1.4715178e+00   1.6262786e+00   1.4715178e+00   1.0901272e+00   6.6119555e-01   3.2833999e-01   1.3349308e-01   4.4435986e-02   1.2110219e-02   2.7021552e-03   4.9363949e-04   7.3833390e-05   9.0419325e-06   9.0720436e-07   7.6029720e-08   2.0476924e-08   1.8356385e-07   1.8255596e-06   1.4906669e-05   9.9664057e-05   5.4555571e-04   2.4450110e-03   8.9714709e-03   2.6951788e-02   6.6290702e-02   1.3349308e-01   2.2009288e-01   2.9709431e-01   3.2833999e-01   2.9709431e-01   2.2009288e-01   1.3349308e-01   6.6290702e-02   2.6951788e-02   8.9714709e-03   2.4450110e-03   5.4555571e-04   9.9664039e-05   1.4906613e-05   1.8254105e-06   1.8301355e-07   1.5022667e-08   1.0096098e-09   5.5582500e-11   2.7079861e-12   1.2167766e-12   5.0423307e-12   1.8491649e-11   5.5551777e-11   1.3663532e-10   2.7514975e-10   4.5364524e-10   6.1235702e-10   6.7675917e-10   6.1235702e-10   4.5364524e-10   2.7514975e-10   1.3663532e-10   5.5551775e-11   1.8491580e-11   5.0395434e-12   1.1244741e-12   2.0542289e-13   3.0724819e-14
   5.6122318e-06   4.5830439e-05   3.0641748e-04   1.6773131e-03   7.5171960e-03   2.7582822e-02   8.2863377e-02   2.0381102e-01   4.1042499e-01   6.7667642e-01   9.1341762e-01   1.0094826e+00   9.1341762e-01   6.7667642e-01   4.1042503e-01   2.0381147e-01   8.2867867e-02   2.7619486e-02   7.7623299e-03   3.0191637e-03   6.3201742e-03   2.2112088e-02   6.6296314e-02   1.6304938e-01   3.2834004e-01   5.4134114e-01   7.3073410e-01   8.0758607e-01   7.3073410e-01   5.4134113e-01   3.2833999e-01   1.6304882e-01   6.6290702e-02   2.2066258e-02   6.0137578e-03   1.3418530e-03   2.4513898e-04   3.6672596e-05   4.5009207e-06   4.6257685e-07   5.0562094e-08   4.7677643e-08   4.5527795e-07   4.4922748e-06   3.6665361e-05   2.4513432e-04   1.3418506e-03   6.0137568e-03   2.2066258e-02   6.6290702e-02   1.6304882e-01   3.2833999e-01   5.4134113e-01   7.3073410e-01   8.0758607e-01   7.3073410e-01   5.4134113e-01   3.2833999e-01   1.6304882e-01   6.6290702e-02   2.2066258e-02   6.0137568e-03   1.3418505e-03   2.4513398e-04   3.6664351e-05   4.4897855e-06   4.5014070e-07   3.6949799e-08   2.4832303e-09   1.3663670e-10   6.1645663e-12   2.7768407e-13   2.3388304e-13   8.3320041e-13   2.5025666e-12   6.1553122e-12   1.2395277e-11   2.0436356e-11   2.7586195e-11   3.0487461e-11   2.7586195e-11   2.0436356e-11   1.2395277e-11   6.1553122e-12   2.5025632e-12   8.3303092e-13   2.2702741e-13   5.0656662e-14   9.2541376e-15   1.3841286e-15
   1.1301647e-05   9.2291170e-05   6.1704902e-04   3.3776939e-03   1.5137774e-02   5.5544983e-02   1.6686635e-01   4.1042499e-01   8.2649444e-01   1.3626590e+00   1.8393972e+00   2.0328483e+00   1.8393972e+00   1.3626590e+00   8.2649446e-01   4.1042518e-01   1.6686818e-01   5.5559889e-02   1.5237438e-02   3.9232496e-03   3.0620601e-03   9.0637620e-03   2.6963090e-02   6.6291835e-02   1.3349317e-01   2.2009289e-01   2.9709431e-01   3.2833999e-01   2.9709431e-01   2.2009288e-01   1.3349308e-01   6.6290702e-02   2.6951789e-02   8.9714759e-03   2.4450261e-03   5.4559266e-04   9.9738447e-05   1.5029291e-05   1.9910205e-06   3.6630225e-07   1.8562079e-07   1.9809501e-07   9.8093536e-07   9.0782699e-06   7.3847959e-05   4.9364422e-04   2.7021565e-03   1.2110219e-02   4.4435986e-02   1.3349308e-01   3.2833999e-01   6.6119555e-01   1.0901272e+00   1.4715178e+00   1.6262786e+00   1.4715178e+00   1.0901272e+00   6.6119555e-01   3.2833999e-01   1.3349308e-01   4.4435986e-02   1.2110219e-02   2.7021551e-03   4.9363922e-04   7.3832936e-05   9.0413176e-06   9.0647205e-07   7.4407757e-08   5.0006115e-09   2.7514980e-10   1.2395618e-11   4.5904544e-13   2.2179041e-14   3.1066141e-14   9.2309366e-14   2.2702752e-13   4.5717706e-13   7.5375754e-13   1.0174663e-12   1.1244741e-12   1.0174663e-12   7.5375754e-13   4.5717706e-13   2.2702741e-13   9.2302457e-14   3.0724819e-14   8.3734899e-15   1.8683782e-15   3.4132191e-16   5.1051046e-17
