100 100 10 10
   9.9827163e-95   6.9004512e-92   4.1505347e-89   2.1286024e-86   9.3026100e-84   3.4644009e-81   1.0994218e-78   2.9731270e-76   6.8513387e-74   1.3453965e-71   2.2513242e-69   3.2102487e-67   3.9007866e-65   4.0390440e-63   3.5638373e-61   2.6796004e-59   1.7168608e-57   9.3737421e-56   4.3611780e-54   1.7290498e-52   5.8414960e-51   1.6817194e-49   4.1256833e-48   8.6248412e-47   1.5364528e-45   2.3323848e-44   3.0171304e-43   3.3258361e-42   3.1240680e-41   2.5006505e-40   1.7056833e-39   9.9141775e-39   4.9105243e-38   2.0725829e-37   7.4543341e-37   2.2846447e-36   5.9667986e-36   1.3279354e-35   2.5184042e-35   4.0699285e-35   5.6048116e-35   6.5773073e-35   6.5773073e-35   5.6048116e-35   4.0699285e-35   2.5184042e-35   1.3279354e-35   5.9667986e-36   2.2846447e-36   7.4543341e-37   2.0725829e-37   4.9105243e-38   9.9141791e-39   1.7057066e-39   2.5036676e-40   3.4566516e-41   3.4566516e-41   2.5036676e-40   1.7057066e-39   9.9141791e-39   4.9105243e-38   2.0725829e-37   7.4543341e-37   2.2846447e-36   5.9667986e-36   1.3279354e-35   2.5184042e-35   4.0699285e-35   5.6048116e-35   6.5773073e-35   6.5773073e-35   5.6048116e-35   4.0699285e-35   2.5184042e-35   1.3279354e-35   5.9667986e-36   2.2846447e-36   7.4543341e-37   2.0725829e-37   4.9105243e-38   9.9141775e-39   1.7056833e-39   2.5006505e-40   3.1240680e-41   3.3258361e-42   3.0171304e-43   2.3323848e-44   1.5364528e-45   8.6248412e-47   4.1256833e-48   1.6817194e-49   5.8414960e-51   1.7290498e-52   4.3611780e-54   9.3737421e-56   1.7168608e-57   2.6796004e-59   3.5638373e-61   4.0390440e-63   3.9007866e-65
   1.9045341e-92   9.9324503e-90   5.9199316e-87   3.0352764e-84   1.3264947e-81   4.9400208e-79   1.5677073e-76   4.2394946e-74   9.7695839e-72   1.9184520e-69   3.2102487e-67   4.5776155e-65   5.5622797e-63   5.7594262e-61   5.0818109e-59   3.8209439e-57   2.4481369e-55   1.3366375e-53   6.2187692e-52   2.4655178e-50   8.3296108e-49   2.3980276e-47   5.8829684e-46   1.2298488e-44   2.1908863e-43   3.3258361e-42   4.3022408e-41   4.7424359e-40   4.4547271e-39   3.5657725e-38   2.4321986e-37   1.4137002e-36   7.0021030e-36   2.9553747e-35   1.0629418e-34   3.2577616e-34   8.5082846e-34   1.8935536e-33   3.5910881e-33   5.8034656e-33   7.9921136e-33   9.3788321e-33   9.3788321e-33   7.9921136e-33   5.8034656e-33   3.5910881e-33   1.8935536e-33   8.5082846e-34   3.2577616e-34   1.0629418e-34   2.9553747e-35   7.0021030e-36   1.4137004e-36   2.4322319e-37   3.5700747e-38   4.9289707e-39   4.9289707e-39   3.5700747e-38   2.4322319e-37   1.4137004e-36   7.0021030e-36   2.9553747e-35   1.0629418e-34   3.2577616e-34   8.5082846e-34   1.8935536e-33   3.5910881e-33   5.8034656e-33   7.9921136e-33   9.3788321e-33   9.3788321e-33   7.9921136e-33   5.8034656e-33   3.5910881e-33   1.8935536e-33   8.5082846e-34   3.2577616e-34   1.0629418e-34   2.9553747e-35   7.0021030e-36   1.4137002e-36   2.4321986e-37   3.5657725e-38   4.4547271e-39   4.7424359e-40   4.3022408e-41   3.3258361e-42   2.1908863e-43   1.2298488e-44   5.8829684e-46   2.3980276e-47   8.3296108e-49   2.4655178e-50   6.2187692e-52   1.3366375e-53   2.4481369e-55   3.8209439e-57   5.0818109e-59   5.7594262e-61   5.5622797e-63
   1.1926743e-89   1.3923986e-87   7.2238388e-85   3.6886045e-82   1.6118344e-79   6.0026404e-77   1.9049277e-74   5.1514276e-72   1.1871062e-69   2.3311190e-67   3.9007866e-65   5.5622797e-63   6.7587493e-61   6.9983028e-59   6.1749296e-57   4.6428449e-55   2.9747414e-53   1.6241538e-51   7.5564525e-50   2.9958609e-48   1.0121345e-46   2.9138533e-45   7.1484194e-44   1.4943945e-42   2.6621551e-41   4.0412373e-40   5.2276707e-39   5.7625536e-38   5.4129575e-37   4.3327850e-36   2.9553747e-35   1.7177930e-34   8.5082846e-34   3.5910881e-33   1.2915850e-32   3.9585198e-32   1.0338452e-31   2.3008648e-31   4.3635461e-31   7.0518152e-31   9.7112505e-31   1.1396258e-30   1.1396258e-30   9.7112505e-31   7.0518152e-31   4.3635461e-31   2.3008648e-31   1.0338452e-31   3.9585198e-32   1.2915850e-32   3.5910881e-33   8.5082846e-34   1.7177933e-34   2.9554151e-35   4.3380127e-36   5.9892129e-37   5.9892129e-37   4.3380127e-36   2.9554151e-35   1.7177933e-34   8.5082846e-34   3.5910881e-33   1.2915850e-32   3.9585198e-32   1.0338452e-31   2.3008648e-31   4.3635461e-31   7.0518152e-31   9.7112505e-31   1.1396258e-30   1.1396258e-30   9.7112505e-31   7.0518152e-31   4.3635461e-31   2.3008648e-31   1.0338452e-31   3.9585198e-32   1.2915850e-32   3.5910881e-33   8.5082846e-34   1.7177930e-34   2.9553747e-35   4.3327850e-36   5.4129575e-37   5.7625536e-38   5.2276707e-39   4.0412373e-40   2.6621551e-41   1.4943945e-42   7.1484194e-44   2.9138533e-45   1.0121345e-46   2.9958609e-48   7.5564525e-50   1.6241538e-51   2.9747414e-53   4.6428449e-55   6.1749296e-57   6.9983028e-59   6.7587493e-61
   1.7602693e-86   4.6003932e-85   7.9993044e-83   3.8266203e-80   1.6690503e-77   6.2154036e-75   1.9724451e-72   5.3340121e-70   1.2291814e-67   2.4137420e-65   4.0390440e-63   5.7594262e-61   6.9983028e-59   7.2463470e-57   6.3937906e-55   4.8074034e-53   3.0801766e-51   1.6817194e-49   7.8242794e-48   3.1020446e-46   1.0480081e-44   3.0171304e-43   7.4017843e-42   1.5473610e-40   2.7565112e-39   4.1844728e-38   5.4129575e-37   5.9667986e-36   5.6048116e-35   4.4863540e-34   3.0601234e-33   1.7786776e-32   8.8098477e-32   3.7183687e-31   1.3373633e-30   4.0988235e-30   1.0704883e-29   2.3824155e-29   4.5182054e-29   7.3017561e-29   1.0055451e-28   1.1800181e-28   1.1800181e-28   1.0055451e-28   7.3017561e-29   4.5182054e-29   2.3824155e-29   1.0704883e-29   4.0988235e-30   1.3373633e-30   3.7183687e-31   8.8098477e-32   1.7786779e-32   3.0601653e-33   4.4917669e-34   6.2014914e-35   6.2014914e-35   4.4917669e-34   3.0601653e-33   1.7786779e-32   8.8098477e-32   3.7183687e-31   1.3373633e-30   4.0988235e-30   1.0704883e-29   2.3824155e-29   4.5182054e-29   7.3017561e-29   1.0055451e-28   1.1800181e-28   1.1800181e-28   1.0055451e-28   7.3017561e-29   4.5182054e-29   2.3824155e-29   1.0704883e-29   4.0988235e-30   1.3373633e-30   3.7183687e-31   8.8098477e-32   1.7786776e-32   3.0601234e-33   4.4863540e-34   5.6048116e-35   5.9667986e-36   5.4129575e-37   4.1844728e-38   2.7565112e-39   1.5473610e-40   7.4017843e-42   3.0171304e-43   1.0480081e-44   3.1020446e-46   7.8242794e-48   1.6817194e-49   3.0801766e-51   4.8074034e-53   6.3937906e-55   7.2463470e-57   6.9983028e-59
   2.5302572e-83   4.9890675e-82   1.4594994e-80   3.4820211e-78   1.4739423e-75   5.4842694e-73   1.7403816e-70   4.7064482e-68   1.0845642e-65   2.1297573e-63   3.5638373e-61   5.0818109e-59   6.1749296e-57   6.3937906e-55   5.6415402e-53   4.2417967e-51   2.7177837e-49   1.4838596e-47   6.9037273e-46   2.7370789e-44   9.2470648e-43   2.6621551e-41   6.5309401e-40   1.3653089e-38   2.4321986e-37   3.6921558e-36   4.7761054e-35   5.2647852e-34   4.9453871e-33   3.9585198e-32   2.7000899e-31   1.5694103e-30   7.7733403e-30   3.2808905e-29   1.1800181e-28   3.6165835e-28   9.4454183e-28   2.1021165e-27   3.9866237e-27   6.4426806e-27   8.8723943e-27   1.0411851e-26   1.0411851e-26   8.8723943e-27   6.4426806e-27   3.9866237e-27   2.1021165e-27   9.4454183e-28   3.6165835e-28   1.1800181e-28   3.2808905e-29   7.7733403e-30   1.5694106e-30   2.7001268e-31   3.9632959e-32   5.4718656e-33   5.4718656e-33   3.9632959e-32   2.7001268e-31   1.5694106e-30   7.7733403e-30   3.2808905e-29   1.1800181e-28   3.6165835e-28   9.4454183e-28   2.1021165e-27   3.9866237e-27   6.4426806e-27   8.8723943e-27   1.0411851e-26   1.0411851e-26   8.8723943e-27   6.4426806e-27   3.9866237e-27   2.1021165e-27   9.4454183e-28   3.6165835e-28   1.1800181e-28   3.2808905e-29   7.7733403e-30   1.5694103e-30   2.7000899e-31   3.9585198e-32   4.9453871e-33   5.2647852e-34   4.7761054e-35   3.6921558e-36   2.4321986e-37   1.3653089e-38   6.5309401e-40   2.6621551e-41   9.2470648e-43   2.7370789e-44   6.9037273e-46   1.4838596e-47   2.7177837e-49   4.2417967e-51   5.6415402e-53   6.3937906e-55   6.1749296e-57
   3.1267427e-80   6.0419631e-79   1.0416299e-77   3.9239633e-76   1.1238308e-73   4.1251337e-71   1.3085828e-68   3.5387148e-66   8.1546893e-64   1.6013353e-61   2.6796004e-59   3.8209439e-57   4.6428449e-55   4.8074034e-53   4.2417967e-51   3.1893487e-49   2.0434643e-47   1.1156937e-45   5.1908179e-44   2.0579721e-42   6.9527412e-41   2.0016379e-39   4.9105243e-38   1.0265570e-36   1.8287368e-35   2.7760813e-34   3.5910881e-33   3.9585198e-32   3.7183687e-31   2.9763567e-30   2.0301605e-29   1.1800181e-28   5.8446680e-28   2.4668566e-27   8.8723943e-27   2.7192595e-26   7.1018804e-26   1.5805526e-25   2.9974877e-25   4.8441631e-25   6.6710316e-25   7.8285281e-25   7.8285281e-25   6.6710316e-25   4.8441631e-25   2.9974877e-25   1.5805526e-25   7.1018804e-26   2.7192595e-26   8.8723943e-27   2.4668566e-27   5.8446680e-28   1.1800183e-28   2.0301883e-29   2.9799478e-30   4.1142207e-31   4.1142207e-31   2.9799478e-30   2.0301883e-29   1.1800183e-28   5.8446680e-28   2.4668566e-27   8.8723943e-27   2.7192595e-26   7.1018804e-26   1.5805526e-25   2.9974877e-25   4.8441631e-25   6.6710316e-25   7.8285281e-25   7.8285281e-25   6.6710316e-25   4.8441631e-25   2.9974877e-25   1.5805526e-25   7.1018804e-26   2.7192595e-26   8.8723943e-27   2.4668566e-27   5.8446680e-28   1.1800181e-28   2.0301605e-29   2.9763567e-30   3.7183687e-31   3.9585198e-32   3.5910881e-33   2.7760813e-34   1.8287368e-35   1.0265570e-36   4.9105243e-38   2.0016379e-39   6.9527412e-41   2.0579721e-42   5.1908179e-44   1.1156937e-45   2.0434643e-47   3.1893487e-49   4.2417967e-51   4.8074034e-53   4.6428449e-55
   3.2943260e-77   6.3578926e-76   1.0486116e-74   1.6273327e-73   8.8435757e-72   2.6597548e-69   8.3857388e-67   2.2673192e-64   5.2248343e-62   1.0259999e-59   1.7168608e-57   2.4481369e-55   2.9747414e-53   3.0801766e-51   2.7177837e-49   2.0434643e-47   1.3092787e-45   7.1484194e-44   3.3258361e-42   1.3185741e-40   4.4547271e-39   1.2824799e-37   3.1462477e-36   6.5773073e-35   1.1716995e-33   1.7786776e-32   2.3008648e-31   2.5362839e-30   2.3824155e-29   1.9069971e-28   1.3007548e-27   7.5605557e-27   3.7447677e-26   1.5805526e-25   5.6846781e-25   1.7422710e-24   4.5502829e-24   1.0126841e-23   1.9205360e-23   3.1037291e-23   4.2742315e-23   5.0158571e-23   5.0158571e-23   4.2742315e-23   3.1037291e-23   1.9205360e-23   1.0126841e-23   4.5502829e-24   1.7422710e-24   5.6846781e-25   1.5805526e-25   3.7447678e-26   7.5605569e-27   1.3007726e-27   1.9092979e-28   2.6360439e-29   2.6360439e-29   1.9092979e-28   1.3007726e-27   7.5605569e-27   3.7447678e-26   1.5805526e-25   5.6846781e-25   1.7422710e-24   4.5502829e-24   1.0126841e-23   1.9205360e-23   3.1037291e-23   4.2742315e-23   5.0158571e-23   5.0158571e-23   4.2742315e-23   3.1037291e-23   1.9205360e-23   1.0126841e-23   4.5502829e-24   1.7422710e-24   5.6846781e-25   1.5805526e-25   3.7447677e-26   7.5605557e-27   1.3007548e-27   1.9069971e-28   2.3824155e-29   2.5362839e-30   2.3008648e-31   1.7786776e-32   1.1716995e-33   6.5773073e-35   3.1462477e-36   1.2824799e-37   4.4547271e-39   1.3185741e-40   3.3258361e-42   7.1484194e-44   1.3092787e-45   2.0434643e-47   2.7177837e-49   3.0801766e-51   2.9747414e-53
   2.9577954e-74   5.7079732e-73   9.3882412e-72   1.3242140e-70   1.9580244e-69   1.6022866e-67   4.5914745e-65   1.2380105e-62   2.8526689e-60   5.6017701e-58   9.3737421e-56   1.3366375e-53   1.6241538e-51   1.6817194e-49   1.4838596e-47   1.1156937e-45   7.1484194e-44   3.9029048e-42   1.8158450e-40   7.1991705e-39   2.4321986e-37   7.0021030e-36   1.7177930e-34   3.5910881e-33   6.3972624e-32   9.7112505e-31   1.2562296e-29   1.3847641e-28   1.3007548e-27   1.0411851e-26   7.1018804e-26   4.1279235e-25   2.0445739e-24   8.6295246e-24   3.1037291e-23   9.5124771e-23   2.4843703e-22   5.5290678e-22   1.0485771e-21   1.6945787e-21   2.3336513e-21   2.7385652e-21   2.7385652e-21   2.3336513e-21   1.6945787e-21   1.0485771e-21   5.5290678e-22   2.4843703e-22   9.5124771e-23   3.1037291e-23   8.6295246e-24   2.0445739e-24   4.1279242e-25   7.1019775e-26   1.0424413e-26   1.4392312e-27   1.4392312e-27   1.0424413e-26   7.1019775e-26   4.1279242e-25   2.0445739e-24   8.6295246e-24   3.1037291e-23   9.5124771e-23   2.4843703e-22   5.5290678e-22   1.0485771e-21   1.6945787e-21   2.3336513e-21   2.7385652e-21   2.7385652e-21   2.3336513e-21   1.6945787e-21   1.0485771e-21   5.5290678e-22   2.4843703e-22   9.5124771e-23   3.1037291e-23   8.6295246e-24   2.0445739e-24   4.1279235e-25   7.1018804e-26   1.0411851e-26   1.3007548e-27   1.3847641e-28   1.2562296e-29   9.7112505e-31   6.3972624e-32   3.5910881e-33   1.7177930e-34   7.0021030e-36   2.4321986e-37   7.1991705e-39   1.8158450e-40   3.9029048e-42   7.1484194e-44   1.1156937e-45   1.4838596e-47   1.6817194e-49   1.6241538e-51
   2.2629942e-71   4.3671211e-70   7.1816545e-69   1.0067809e-67   1.2197520e-66   1.8939530e-65   2.2357917e-63   5.7672611e-61   1.3272641e-58   2.6062526e-56   4.3611781e-54   6.2187692e-52   7.5564525e-50   7.8242794e-48   6.9037273e-46   5.1908179e-44   3.3258361e-42   1.8158450e-40   8.4483048e-39   3.3494482e-37   1.1315919e-35   3.2577616e-34   7.9921136e-33   1.6707708e-31   2.9763567e-30   4.5182054e-29   5.8446680e-28   6.4426806e-27   6.0518233e-26   4.8441631e-25   3.3041836e-24   1.9205360e-23   9.5124771e-23   4.0149272e-22   1.4440247e-21   4.4257251e-21   1.1558651e-20   2.5724250e-20   4.8785549e-20   7.8841076e-20   1.0857424e-19   1.2741305e-19   1.2741305e-19   1.0857424e-19   7.8841076e-20   4.8785549e-20   2.5724250e-20   1.1558651e-20   4.4257251e-21   1.4440247e-21   4.0149272e-22   9.5124772e-23   1.9205363e-23   3.3042287e-24   4.8500078e-25   6.6960914e-26   6.6960914e-26   4.8500078e-25   3.3042287e-24   1.9205363e-23   9.5124772e-23   4.0149272e-22   1.4440247e-21   4.4257251e-21   1.1558651e-20   2.5724250e-20   4.8785549e-20   7.8841076e-20   1.0857424e-19   1.2741305e-19   1.2741305e-19   1.0857424e-19   7.8841076e-20   4.8785549e-20   2.5724250e-20   1.1558651e-20   4.4257251e-21   1.4440247e-21   4.0149272e-22   9.5124771e-23   1.9205360e-23   3.3041836e-24   4.8441631e-25   6.0518233e-26   6.4426806e-27   5.8446680e-28   4.5182054e-29   2.9763567e-30   1.6707708e-31   7.9921136e-33   3.2577616e-34   1.1315919e-35   3.3494482e-37   8.4483048e-39   1.8158450e-40   3.3258361e-42   5.1908179e-44   6.9037273e-46   7.8242794e-48   7.5564525e-50
   1.4754064e-68   2.8472352e-67   4.6821809e-66   6.5613944e-65   7.8420839e-64   8.2386501e-63   1.5356853e-61   2.3344863e-59   5.2651443e-57   1.0333014e-54   1.7290506e-52   2.4655178e-50   2.9958609e-48   3.1020446e-46   2.7370789e-44   2.0579721e-42   1.3185741e-40   7.1991705e-39   3.3494482e-37   1.3279354e-35   4.4863540e-34   1.2915850e-32   3.1685848e-31   6.6240037e-30   1.1800181e-28   1.7913055e-27   2.3172001e-26   2.5542905e-25   2.3993297e-24   1.9205360e-23   1.3099896e-22   7.6142328e-22   3.7713542e-21   1.5917739e-20   5.7250372e-20   1.7546404e-19   4.5825882e-19   1.0198738e-18   1.9341711e-18   3.1257644e-18   4.3045769e-18   5.0514678e-18   5.0514678e-18   4.3045769e-18   3.1257644e-18   1.9341711e-18   1.0198738e-18   4.5825882e-19   1.7546404e-19   5.7250372e-20   1.5917739e-20   3.7713542e-21   7.6142339e-22   1.3100075e-22   1.9228532e-23   2.6547588e-24   2.6547588e-24   1.9228532e-23   1.3100075e-22   7.6142339e-22   3.7713542e-21   1.5917739e-20   5.7250372e-20   1.7546404e-19   4.5825882e-19   1.0198738e-18   1.9341711e-18   3.1257644e-18   4.3045769e-18   5.0514678e-18   5.0514678e-18   4.3045769e-18   3.1257644e-18   1.9341711e-18   1.0198738e-18   4.5825882e-19   1.7546404e-19   5.7250372e-20   1.5917739e-20   3.7713542e-21   7.6142328e-22   1.3099896e-22   1.9205360e-23   2.3993297e-24   2.5542905e-25   2.3172001e-26   1.7913055e-27   1.1800181e-28   6.6240037e-30   3.1685848e-31   1.2915850e-32   4.4863540e-34   1.3279354e-35   3.3494482e-37   7.1991705e-39   1.3185741e-40   2.0579721e-42   2.7370789e-44   3.1020446e-46   2.9958609e-48
   8.1969597e-66   1.5818470e-64   2.6012916e-63   3.6452482e-62   4.3531221e-61   4.4383387e-60   4.1260163e-59   1.0552304e-57   1.7955815e-55   3.4918502e-53   5.8415398e-51   8.3296125e-49   1.0121345e-46   1.0480081e-44   9.2470648e-43   6.9527412e-41   4.4547271e-39   2.4321986e-37   1.1315919e-35   4.4863540e-34   1.5156891e-32   4.3635461e-31   1.0704883e-29   2.2378818e-28   3.9866237e-27   6.0518233e-26   7.8285281e-25   8.6295246e-24   8.1059983e-23   6.4884211e-22   4.4257251e-21   2.5724250e-20   1.2741305e-19   5.3777171e-19   1.9341711e-18   5.9279524e-18   1.5482012e-17   3.4455852e-17   6.5344865e-17   1.0560216e-16   1.4542767e-16   1.7066095e-16   1.7066095e-16   1.4542767e-16   1.0560216e-16   6.5344865e-17   3.4455852e-17   1.5482012e-17   5.9279524e-18   1.9341711e-18   5.3777171e-19   1.2741305e-19   2.5724254e-20   4.4257856e-21   6.4962497e-22   8.9689508e-23   8.9689508e-23   6.4962497e-22   4.4257856e-21   2.5724254e-20   1.2741305e-19   5.3777171e-19   1.9341711e-18   5.9279524e-18   1.5482012e-17   3.4455852e-17   6.5344865e-17   1.0560216e-16   1.4542767e-16   1.7066095e-16   1.7066095e-16   1.4542767e-16   1.0560216e-16   6.5344865e-17   3.4455852e-17   1.5482012e-17   5.9279524e-18   1.9341711e-18   5.3777171e-19   1.2741305e-19   2.5724250e-20   4.4257251e-21   6.4884211e-22   8.1059983e-23   8.6295246e-24   7.8285281e-25   6.0518233e-26   3.9866237e-27   2.2378818e-28   1.0704883e-29   4.3635461e-31   1.5156891e-32   4.4863540e-34   1.1315919e-35   2.4321986e-37   4.4547271e-39   6.9527412e-41   9.2470648e-43   1.0480081e-44   1.0121345e-46
   3.8806709e-63   7.4889077e-62   1.2315244e-60   1.7257604e-59   2.0607829e-58   2.0972373e-57   1.8265315e-56   1.5656560e-55   5.9638713e-54   1.0095385e-51   1.6819270e-49   2.3980357e-47   2.9138536e-45   3.0171304e-43   2.6621551e-41   2.0016379e-39   1.2824799e-37   7.0021030e-36   3.2577616e-34   1.2915850e-32   4.3635461e-31   1.2562296e-29   3.0818491e-28   6.4426806e-27   1.1477167e-25   1.7422710e-24   2.2537699e-23   2.4843703e-22   2.3336513e-21   1.8679639e-20   1.2741305e-19   7.4058035e-19   3.6681185e-18   1.5482012e-17   5.5683221e-17   1.7066095e-16   4.4571461e-16   9.9195610e-16   1.8812258e-15   3.0402008e-15   4.1867450e-15   4.9131907e-15   4.9131907e-15   4.1867450e-15   3.0402008e-15   1.8812258e-15   9.9195610e-16   4.4571461e-16   1.7066095e-16   5.5683221e-17   1.5482012e-17   3.6681185e-18   7.4058046e-19   1.2741479e-19   1.8702177e-20   2.5820884e-21   2.5820884e-21   1.8702177e-20   1.2741479e-19   7.4058046e-19   3.6681185e-18   1.5482012e-17   5.5683221e-17   1.7066095e-16   4.4571461e-16   9.9195610e-16   1.8812258e-15   3.0402008e-15   4.1867450e-15   4.9131907e-15   4.9131907e-15   4.1867450e-15   3.0402008e-15   1.8812258e-15   9.9195610e-16   4.4571461e-16   1.7066095e-16   5.5683221e-17   1.5482012e-17   3.6681185e-18   7.4058035e-19   1.2741305e-19   1.8679639e-20   2.3336513e-21   2.4843703e-22   2.2537699e-23   1.7422710e-24   1.1477167e-25   6.4426806e-27   3.0818491e-28   1.2562296e-29   4.3635461e-31   1.2915850e-32   3.2577616e-34   7.0021030e-36   1.2824799e-37   2.0016379e-39   2.6621551e-41   3.0171304e-43   2.9138533e-45
   1.5655744e-60   3.0212410e-59   4.9683241e-58   6.9622137e-57   8.3137652e-56   8.4598784e-55   7.3376367e-54   5.4748165e-53   4.6684808e-52   2.6486406e-50   4.1340560e-48   5.8832946e-46   7.1484303e-44   7.4017846e-42   6.5309401e-40   4.9105243e-38   3.1462477e-36   1.7177930e-34   7.9921136e-33   3.1685848e-31   1.0704883e-29   3.0818491e-28   7.5605557e-27   1.5805526e-25   2.8156395e-24   4.2742315e-23   5.5290678e-22   6.0947889e-21   5.7250372e-20   4.5825882e-19   3.1257644e-18   1.8168310e-17   8.9988227e-17   3.7981293e-16   1.3660503e-15   4.1867450e-15   1.0934507e-14   2.4335193e-14   4.6151228e-14   7.4583819e-14   1.0271145e-13   1.2053300e-13   1.2053300e-13   1.0271145e-13   7.4583819e-14   4.6151228e-14   2.4335193e-14   1.0934507e-14   4.1867450e-15   1.3660503e-15   3.7981293e-16   8.9988227e-17   1.8168313e-17   3.1258071e-18   4.5881173e-19   6.3345161e-20   6.3345161e-20   4.5881173e-19   3.1258071e-18   1.8168313e-17   8.9988227e-17   3.7981293e-16   1.3660503e-15   4.1867450e-15   1.0934507e-14   2.4335193e-14   4.6151228e-14   7.4583819e-14   1.0271145e-13   1.2053300e-13   1.2053300e-13   1.0271145e-13   7.4583819e-14   4.6151228e-14   2.4335193e-14   1.0934507e-14   4.1867450e-15   1.3660503e-15   3.7981293e-16   8.9988227e-17   1.8168310e-17   3.1257644e-18   4.5825882e-19   5.7250372e-20   6.0947889e-21   5.5290678e-22   4.2742315e-23   2.8156395e-24   1.5805526e-25   7.5605557e-27   3.0818491e-28   1.0704883e-29   3.1685848e-31   7.9921136e-33   1.7177930e-34   3.1462477e-36   4.9105243e-38   6.5309401e-40   7.4017843e-42   7.1484194e-44
   5.3821212e-58   1.0386402e-56   1.7080072e-55   2.3934652e-54   2.8581002e-53   2.9083109e-52   2.5218774e-51   1.8645372e-50   1.1995434e-49   1.1449609e-48   8.9126804e-47   1.2309703e-44   1.4944317e-42   1.5473621e-40   1.3653089e-38   1.0265570e-36   6.5773073e-35   3.5910881e-33   1.6707708e-31   6.6240037e-30   2.2378818e-28   6.4426806e-27   1.5805526e-25   3.3041836e-24   5.8861629e-23   8.9353849e-22   1.1558651e-20   1.2741305e-19   1.1968329e-18   9.5800121e-18   6.5344865e-17   3.7981293e-16   1.8812258e-15   7.9400818e-15   2.8557614e-14   8.7524922e-14   2.2858853e-13   5.0873313e-13   9.6480265e-13   1.5591929e-12   2.1472078e-12   2.5197717e-12   2.5197717e-12   2.1472078e-12   1.5591929e-12   9.6480265e-13   5.0873313e-13   2.2858853e-13   8.7524922e-14   2.8557614e-14   7.9400818e-15   1.8812258e-15   3.7981299e-16   6.5345758e-17   9.5915707e-18   1.3242460e-18   1.3242460e-18   9.5915707e-18   6.5345758e-17   3.7981299e-16   1.8812258e-15   7.9400818e-15   2.8557614e-14   8.7524922e-14   2.2858853e-13   5.0873313e-13   9.6480265e-13   1.5591929e-12   2.1472078e-12   2.5197717e-12   2.5197717e-12   2.1472078e-12   1.5591929e-12   9.6480265e-13   5.0873313e-13   2.2858853e-13   8.7524922e-14   2.8557614e-14   7.9400818e-15   1.8812258e-15   3.7981293e-16   6.5344865e-17   9.5800121e-18   1.1968329e-18   1.2741305e-19   1.1558651e-20   8.9353849e-22   5.8861629e-23   3.3041836e-24   1.5805526e-25   6.4426806e-27   2.2378818e-28   6.6240037e-30   1.6707708e-31   3.5910881e-33   6.5773073e-35   1.0265570e-36   1.3653089e-38   1.5473610e-40   1.4943945e-42
   1.5766893e-55   3.0426906e-54   5.0035973e-53   7.0116427e-52   8.3727880e-51   8.5198766e-50   7.3877096e-49   5.4590174e-48   3.4418393e-47   1.9360481e-46   2.3796759e-45   2.2237399e-43   2.6632459e-41   2.7565420e-39   2.4321993e-37   1.8287368e-35   1.1716995e-33   6.3972624e-32   2.9763567e-30   1.1800181e-28   3.9866237e-27   1.1477167e-25   2.8156395e-24   5.8861629e-23   1.0485771e-21   1.5917739e-20   2.0590896e-19   2.2697708e-18   2.1320709e-17   1.7066095e-16   1.1640713e-15   6.7660914e-15   3.3512670e-14   1.4144679e-13   5.0873313e-13   1.5591929e-12   4.0721385e-12   9.0627109e-12   1.7187258e-11   2.7775888e-11   3.8250946e-11   4.4887901e-11   4.4887901e-11   3.8250946e-11   2.7775888e-11   1.7187258e-11   9.0627109e-12   4.0721385e-12   1.5591929e-12   5.0873313e-13   1.4144679e-13   3.3512670e-14   6.7660924e-15   1.1640872e-15   1.7086686e-16   2.3590480e-17   2.3590480e-17   1.7086686e-16   1.1640872e-15   6.7660924e-15   3.3512670e-14   1.4144679e-13   5.0873313e-13   1.5591929e-12   4.0721385e-12   9.0627109e-12   1.7187258e-11   2.7775888e-11   3.8250946e-11   4.4887901e-11   4.4887901e-11   3.8250946e-11   2.7775888e-11   1.7187258e-11   9.0627109e-12   4.0721385e-12   1.5591929e-12   5.0873313e-13   1.4144679e-13   3.3512670e-14   6.7660914e-15   1.1640713e-15   1.7066095e-16   2.1320709e-17   2.2697708e-18   2.0590896e-19   1.5917739e-20   1.0485771e-21   5.8861629e-23   2.8156395e-24   1.1477167e-25   3.9866237e-27   1.1800181e-28   2.9763567e-30   6.3972624e-32   1.1716995e-33   1.8287368e-35   2.4321986e-37   2.7565112e-39   2.6621551e-41
   3.9359690e-53   7.5956219e-52   1.2490732e-50   1.7503517e-49   2.0901412e-48   2.1268597e-47   1.8442294e-46   1.3627144e-45   8.5810740e-45   4.6177808e-44   2.3382189e-43   4.1459771e-42   4.0684669e-40   4.1852432e-38   3.6921744e-36   2.7760817e-34   1.7786776e-32   9.7112505e-31   4.5182054e-29   1.7913055e-27   6.0518233e-26   1.7422710e-24   4.2742315e-23   8.9353849e-22   1.5917739e-20   2.4163640e-19   3.1257644e-18   3.4455852e-17   3.2365523e-16   2.5906883e-15   1.7670977e-14   1.0271145e-13   5.0873313e-13   2.1472078e-12   7.7227328e-12   2.3669050e-11   6.1816375e-11   1.3757487e-10   2.6090812e-10   4.2164693e-10   5.8066169e-10   6.8141280e-10   6.8141280e-10   5.8066169e-10   4.2164693e-10   2.6090812e-10   1.3757487e-10   6.1816375e-11   2.3669050e-11   7.7227328e-12   2.1472078e-12   5.0873313e-13   1.0271146e-13   1.7671219e-14   2.5938140e-15   3.5811109e-16   3.5811109e-16   2.5938140e-15   1.7671219e-14   1.0271146e-13   5.0873313e-13   2.1472078e-12   7.7227328e-12   2.3669050e-11   6.1816375e-11   1.3757487e-10   2.6090812e-10   4.2164693e-10   5.8066169e-10   6.8141280e-10   6.8141280e-10   5.8066169e-10   4.2164693e-10   2.6090812e-10   1.3757487e-10   6.1816375e-11   2.3669050e-11   7.7227328e-12   2.1472078e-12   5.0873313e-13   1.0271145e-13   1.7670977e-14   2.5906883e-15   3.2365523e-16   3.4455852e-17   3.1257644e-18   2.4163640e-19   1.5917739e-20   8.9353849e-22   4.2742315e-23   1.7422710e-24   6.0518233e-26   1.7913055e-27   4.5182054e-29   9.7112505e-31   1.7786776e-32   2.7760813e-34   3.6921558e-36   4.1844728e-38   4.0412373e-40
   8.3727880e-51   1.6157783e-49   2.6570903e-48   3.7234347e-47   4.4462518e-46   4.5243611e-45   3.9231358e-44   2.8988274e-43   1.8252667e-42   9.7953245e-42   4.5079898e-41   2.1748687e-40   5.8069131e-39   5.4293456e-37   4.7765005e-35   3.5910962e-33   2.3008650e-31   1.2562296e-29   5.8446680e-28   2.3172001e-26   7.8285281e-25   2.2537699e-23   5.5290678e-22   1.1558651e-20   2.0590896e-19   3.1257644e-18   4.0434317e-17   4.4571461e-16   4.1867450e-15   3.3512670e-14   2.2858853e-13   1.3286565e-12   6.5808788e-12   2.7775888e-11   9.9899861e-11   3.0617851e-10   7.9964533e-10   1.7796434e-09   3.3750597e-09   5.4543476e-09   7.5113335e-09   8.8146316e-09   8.8146316e-09   7.5113335e-09   5.4543476e-09   3.3750597e-09   1.7796434e-09   7.9964533e-10   3.0617851e-10   9.9899861e-11   2.7775888e-11   6.5808788e-12   1.3286567e-12   2.2859166e-13   3.3553104e-14   4.6324596e-15   4.6324596e-15   3.3553104e-14   2.2859166e-13   1.3286567e-12   6.5808788e-12   2.7775888e-11   9.9899861e-11   3.0617851e-10   7.9964533e-10   1.7796434e-09   3.3750597e-09   5.4543476e-09   7.5113335e-09   8.8146316e-09   8.8146316e-09   7.5113335e-09   5.4543476e-09   3.3750597e-09   1.7796434e-09   7.9964533e-10   3.0617851e-10   9.9899861e-11   2.7775888e-11   6.5808788e-12   1.3286565e-12   2.2858853e-13   3.3512670e-14   4.1867450e-15   4.4571461e-16   4.0434317e-17   3.1257644e-18   2.0590896e-19   1.1558651e-20   5.5290678e-22   2.2537699e-23   7.8285281e-25   2.3172001e-26   5.8446680e-28   1.2562296e-29   2.3008648e-31   3.5910881e-33   4.7761054e-35   5.4129575e-37   5.2276707e-39
   1.5177541e-48   2.9289575e-47   4.8165671e-46   6.7495536e-45   8.0598204e-44   8.2014107e-43   7.1115561e-42   5.2547688e-41   3.3086862e-40   1.7753135e-39   8.1203679e-39   3.2099808e-38   1.6262611e-37   6.2638680e-36   5.2719472e-34   3.9586669e-32   2.5362865e-30   1.3847641e-28   6.4426806e-27   2.5542905e-25   8.6295246e-24   2.4843703e-22   6.0947889e-21   1.2741305e-19   2.2697708e-18   3.4455852e-17   4.4571461e-16   4.9131907e-15   4.6151228e-14   3.6941607e-13   2.5197717e-12   1.4646015e-11   7.2542188e-11   3.0617851e-10   1.1012138e-09   3.3750597e-09   8.8146316e-09   1.9617323e-08   3.7203879e-08   6.0124236e-08   8.2798754e-08   9.7165238e-08   9.7165238e-08   8.2798754e-08   6.0124236e-08   3.7203879e-08   1.9617323e-08   8.8146316e-09   3.3750597e-09   1.1012138e-09   3.0617851e-10   7.2542188e-11   1.4646017e-11   2.5198061e-12   3.6986179e-13   5.1064419e-14   5.1064419e-14   3.6986179e-13   2.5198061e-12   1.4646017e-11   7.2542188e-11   3.0617851e-10   1.1012138e-09   3.3750597e-09   8.8146316e-09   1.9617323e-08   3.7203879e-08   6.0124236e-08   8.2798754e-08   9.7165238e-08   9.7165238e-08   8.2798754e-08   6.0124236e-08   3.7203879e-08   1.9617323e-08   8.8146316e-09   3.3750597e-09   1.1012138e-09   3.0617851e-10   7.2542188e-11   1.4646015e-11   2.5197717e-12   3.6941607e-13   4.6151228e-14   4.9131907e-15   4.4571461e-16   3.4455852e-17   2.2697708e-18   1.2741305e-19   6.0947889e-21   2.4843703e-22   8.6295246e-24   2.5542905e-25   6.4426806e-27   1.3847641e-28   2.5362839e-30   3.9585198e-32   5.2647852e-34   5.9667986e-36   5.7625536e-38
   2.3444749e-46   4.5243611e-45   7.4401520e-44   1.0426036e-42   1.2450006e-41   1.2668720e-40   1.0985222e-39   8.1170420e-39   5.1109267e-38   2.7422981e-37   1.2538708e-36   4.8896562e-36   1.6760736e-35   1.0193643e-34   5.0560193e-33   3.7206416e-31   2.3824553e-29   1.3007554e-27   6.0518234e-26   2.3993297e-24   8.1059983e-23   2.3336513e-21   5.7250372e-20   1.1968329e-18   2.1320709e-17   3.2365523e-16   4.1867450e-15   4.6151228e-14   4.3351378e-13   3.4700475e-12   2.3669050e-11   1.3757487e-10   6.8141280e-10   2.8760362e-09   1.0344066e-08   3.1703054e-08   8.2798754e-08   1.8427202e-07   3.4946836e-07   5.6476686e-07   7.7775613e-07   9.1270527e-07   9.1270527e-07   7.7775613e-07   5.6476686e-07   3.4946836e-07   1.8427202e-07   8.2798754e-08   3.1703054e-08   1.0344066e-08   2.8760362e-09   6.8141281e-10   1.3757489e-10   2.3669374e-11   3.4742343e-12   4.7966500e-13   4.7966500e-13   3.4742343e-12   2.3669374e-11   1.3757489e-10   6.8141281e-10   2.8760362e-09   1.0344066e-08   3.1703054e-08   8.2798754e-08   1.8427202e-07   3.4946836e-07   5.6476686e-07   7.7775613e-07   9.1270527e-07   9.1270527e-07   7.7775613e-07   5.6476686e-07   3.4946836e-07   1.8427202e-07   8.2798754e-08   3.1703054e-08   1.0344066e-08   2.8760362e-09   6.8141280e-10   1.3757487e-10   2.3669050e-11   3.4700475e-12   4.3351378e-13   4.6151228e-14   4.1867450e-15   3.2365523e-16   2.1320709e-17   1.1968329e-18   5.7250372e-20   2.3336513e-21   8.1059983e-23   2.3993297e-24   6.0518233e-26   1.3007548e-27   2.3824155e-29   3.7183687e-31   4.9453871e-33   5.6048116e-35   5.4129575e-37
   3.0860479e-44   5.9554465e-43   9.7935214e-42   1.3723861e-40   1.6388025e-39   1.6675921e-38   1.4459920e-37   1.0684516e-36   6.7275466e-36   3.6097029e-35   1.6504399e-34   6.4307797e-34   2.1393085e-33   6.4889449e-33   5.4147778e-32   3.0062746e-30   1.9075208e-28   1.0411929e-26   4.8441641e-25   1.9205360e-23   6.4884211e-22   1.8679639e-20   4.5825882e-19   9.5800121e-18   1.7066095e-16   2.5906883e-15   3.3512670e-14   3.6941607e-13   3.4700475e-12   2.7775888e-11   1.8945818e-10   1.1012138e-09   5.4543476e-09   2.3021142e-08   8.2798754e-08   2.5376611e-07   6.6276006e-07   1.4749996e-06   2.7973086e-06   4.5206588e-06   6.2255248e-06   7.3057210e-06   7.3057210e-06   6.2255248e-06   4.5206588e-06   2.7973086e-06   1.4749996e-06   6.6276006e-07   2.5376611e-07   8.2798754e-08   2.3021142e-08   5.4543476e-09   1.1012140e-09   1.8946077e-10   2.7809400e-11   3.8394636e-12   3.8394636e-12   2.7809400e-11   1.8946077e-10   1.1012140e-09   5.4543476e-09   2.3021142e-08   8.2798754e-08   2.5376611e-07   6.6276006e-07   1.4749996e-06   2.7973086e-06   4.5206588e-06   6.2255248e-06   7.3057210e-06   7.3057210e-06   6.2255248e-06   4.5206588e-06   2.7973086e-06   1.4749996e-06   6.6276006e-07   2.5376611e-07   8.2798754e-08   2.3021142e-08   5.4543476e-09   1.1012138e-09   1.8945818e-10   2.7775888e-11   3.4700475e-12   3.6941607e-13   3.3512670e-14   2.5906883e-15   1.7066095e-16   9.5800121e-18   4.5825882e-19   1.8679639e-20   6.4884211e-22   1.9205360e-23   4.8441631e-25   1.0411851e-26   1.9069971e-28   2.9763567e-30   3.9585198e-32   4.4863540e-34   4.3327850e-36
   3.4615660e-42   6.6801203e-41   1.0985222e-39   1.5393815e-38   1.8382162e-37   1.8705089e-36   1.6219440e-35   1.1984635e-34   7.5461715e-34   4.0489405e-33   1.8512670e-32   7.2129176e-32   2.3950604e-31   6.8059108e-31   1.9034682e-30   2.3657438e-29   1.3066297e-27   7.1027569e-26   3.3041947e-24   1.3099898e-22   4.4257251e-21   1.2741305e-19   3.1257644e-18   6.5344865e-17   1.1640713e-15   1.7670977e-14   2.2858853e-13   2.5197717e-12   2.3669050e-11   1.8945818e-10   1.2922864e-09   7.5113335e-09   3.7203879e-08   1.5702625e-07   5.6476686e-07   1.7309281e-06   4.5206588e-06   1.0060911e-05   1.9080326e-05   3.0835226e-05   4.2464046e-05   4.9832019e-05   4.9832019e-05   4.2464046e-05   3.0835226e-05   1.9080326e-05   1.0060911e-05   4.5206588e-06   1.7309281e-06   5.6476686e-07   1.5702625e-07   3.7203879e-08   7.5113347e-09   1.2923040e-09   1.8968677e-10   2.6188822e-11   2.6188822e-11   1.8968677e-10   1.2923040e-09   7.5113347e-09   3.7203879e-08   1.5702625e-07   5.6476686e-07   1.7309281e-06   4.5206588e-06   1.0060911e-05   1.9080326e-05   3.0835226e-05   4.2464046e-05   4.9832019e-05   4.9832019e-05   4.2464046e-05   3.0835226e-05   1.9080326e-05   1.0060911e-05   4.5206588e-06   1.7309281e-06   5.6476686e-07   1.5702625e-07   3.7203879e-08   7.5113335e-09   1.2922864e-09   1.8945818e-10   2.3669050e-11   2.5197717e-12   2.2858853e-13   1.7670977e-14   1.1640713e-15   6.5344865e-17   3.1257644e-18   1.2741305e-19   4.4257251e-21   1.3099896e-22   3.3041836e-24   7.1018804e-26   1.3007548e-27   2.0301605e-29   2.7000899e-31   3.0601234e-33   2.9553747e-35
   3.3086852e-40   6.3850914e-39   1.0500057e-37   1.4713944e-36   1.7570310e-35   1.7878975e-34   1.5503105e-33   1.1455331e-32   7.2128933e-32   3.8701183e-31   1.7695052e-30   6.8943358e-30   2.2890168e-29   6.4778554e-29   1.5770112e-28   4.3876399e-28   8.1221052e-27   4.1363009e-25   1.9206425e-23   7.6142443e-22   2.5724251e-20   7.4058035e-19   1.8168310e-17   3.7981293e-16   6.7660914e-15   1.0271145e-13   1.3286565e-12   1.4646015e-11   1.3757487e-10   1.1012138e-09   7.5113335e-09   4.3659156e-08   2.1624521e-07   9.1270527e-07   3.2826720e-06   1.0060911e-05   2.6276046e-05   5.8478417e-05   1.1090320e-04   1.7922782e-04   2.4681961e-04   2.8964549e-04   2.8964549e-04   2.4681961e-04   1.7922782e-04   1.1090320e-04   5.8478417e-05   2.6276046e-05   1.0060911e-05   3.2826720e-06   9.1270527e-07   2.1624522e-07   4.3659163e-08   7.5114362e-09   1.1025424e-09   1.5222089e-10   1.5222089e-10   1.1025424e-09   7.5114362e-09   4.3659163e-08   2.1624522e-07   9.1270527e-07   3.2826720e-06   1.0060911e-05   2.6276046e-05   5.8478417e-05   1.1090320e-04   1.7922782e-04   2.4681961e-04   2.8964549e-04   2.8964549e-04   2.4681961e-04   1.7922782e-04   1.1090320e-04   5.8478417e-05   2.6276046e-05   1.0060911e-05   3.2826720e-06   9.1270527e-07   2.1624521e-07   4.3659156e-08   7.5113335e-09   1.1012138e-09   1.3757487e-10   1.4646015e-11   1.3286565e-12   1.0271145e-13   6.7660914e-15   3.7981293e-16   1.8168310e-17   7.4058035e-19   2.5724250e-20   7.6142328e-22   1.9205360e-23   4.1279235e-25   7.5605557e-27   1.1800181e-28   1.5694103e-30   1.7786776e-32   1.7177930e-34
   2.6949529e-38   5.2007124e-37   8.5523879e-36   1.1984635e-34   1.4311170e-33   1.4562580e-32   1.2627414e-31   9.3304670e-31   5.8749642e-30   3.1522449e-29   1.4412774e-28   5.6154953e-28   1.8644109e-27   5.2749088e-27   1.2724837e-26   2.6710825e-26   8.3186374e-26   2.1128080e-24   9.5211514e-23   3.7714481e-21   1.2741313e-19   3.6681185e-18   8.9988227e-17   1.8812258e-15   3.3512670e-14   5.0873313e-13   6.5808788e-12   7.2542188e-11   6.8141280e-10   5.4543476e-09   3.7203879e-08   2.1624521e-07   1.0710696e-06   4.5206588e-06   1.6259181e-05   4.9832019e-05   1.3014611e-04   2.8964549e-04   5.4930714e-04   8.8772121e-04   1.2225055e-03   1.4346235e-03   1.4346235e-03   1.2225055e-03   8.8772121e-04   5.4930714e-04   2.8964549e-04   1.3014611e-04   4.9832019e-05   1.6259181e-05   4.5206588e-06   1.0710696e-06   2.1624525e-07   3.7204387e-08   5.4609285e-09   7.5395499e-10   7.5395499e-10   5.4609285e-09   3.7204387e-08   2.1624525e-07   1.0710696e-06   4.5206588e-06   1.6259181e-05   4.9832019e-05   1.3014611e-04   2.8964549e-04   5.4930714e-04   8.8772121e-04   1.2225055e-03   1.4346235e-03   1.4346235e-03   1.2225055e-03   8.8772121e-04   5.4930714e-04   2.8964549e-04   1.3014611e-04   4.9832019e-05   1.6259181e-05   4.5206588e-06   1.0710696e-06   2.1624521e-07   3.7203879e-08   5.4543476e-09   6.8141280e-10   7.2542188e-11   6.5808788e-12   5.0873313e-13   3.3512670e-14   1.8812258e-15   8.9988227e-17   3.6681185e-18   1.2741305e-19   3.7713542e-21   9.5124771e-23   2.0445739e-24   3.7447677e-26   5.8446680e-28   7.7733403e-30   8.8098477e-32   8.5082846e-34
   1.8705089e-36   3.6097028e-35   5.9360287e-34   8.3182779e-33   9.9330756e-32   1.0107574e-30   8.7644167e-30   6.4760767e-29   4.0776865e-28   2.1879055e-27   1.0003597e-26   3.8975946e-26   1.2940470e-25   3.6611435e-25   8.8269688e-25   1.8158412e-24   3.3326799e-24   1.3365508e-23   4.0751334e-22   1.5924261e-20   5.3777773e-19   1.5482017e-17   3.7981294e-16   7.9400818e-15   1.4144679e-13   2.1472078e-12   2.7775888e-11   3.0617851e-10   2.8760362e-09   2.3021142e-08   1.5702625e-07   9.1270527e-07   4.5206588e-06   1.9080326e-05   6.8625058e-05   2.1032580e-04   5.4930714e-04   1.2225055e-03   2.3184583e-03   3.7468012e-03   5.1598239e-03   6.0551095e-03   6.0551095e-03   5.1598239e-03   3.7468012e-03   2.3184583e-03   1.2225055e-03   5.4930714e-04   2.1032580e-04   6.8625058e-05   1.9080326e-05   4.5206588e-06   9.1270542e-07   1.5702840e-07   2.3048918e-08   3.1822147e-09   3.1822147e-09   2.3048918e-08   1.5702840e-07   9.1270542e-07   4.5206588e-06   1.9080326e-05   6.8625058e-05   2.1032580e-04   5.4930714e-04   1.2225055e-03   2.3184583e-03   3.7468012e-03   5.1598239e-03   6.0551095e-03   6.0551095e-03   5.1598239e-03   3.7468012e-03   2.3184583e-03   1.2225055e-03   5.4930714e-04   2.1032580e-04   6.8625058e-05   1.9080326e-05   4.5206588e-06   9.1270527e-07   1.5702625e-07   2.3021142e-08   2.8760362e-09   3.0617851e-10   2.7775888e-11   2.1472078e-12   1.4144679e-13   7.9400818e-15   3.7981293e-16   1.5482012e-17   5.3777171e-19   1.5917739e-20   4.0149272e-22   8.6295246e-24   1.5805526e-25   2.4668566e-27   3.2808905e-29   3.7183687e-31   3.5910881e-33
