90 60 9 6
   6.4478659e-21   1.8427525e-20   4.7670938e-20   1.1179634e-19   2.3943239e-19   4.8482431e-19   1.0650902e-18   3.4163617e-18   1.7119910e-17   1.0002923e-16   5.6534588e-16   2.9329348e-15   1.3808152e-14   5.8856884e-14   2.2702915e-13   7.9240475e-13   2.5025640e-12   7.1514529e-12   1.8491580e-11   4.3263766e-11   9.1589394e-11   1.7544322e-10   3.0408750e-10   4.7690413e-10   6.7675917e-10   8.6897597e-10   1.0096060e-09   1.0613697e-09   1.0096060e-09   8.6897597e-10   6.7675917e-10   4.7690413e-10   3.0408750e-10   1.7544322e-10   9.1589394e-11   4.3263766e-11   1.8491580e-11   7.1514525e-12   2.5025632e-12   7.9240352e-13   2.2702741e-13   5.8854645e-14   1.3805553e-14   2.9302054e-15   5.6275943e-16   9.7828477e-17   1.5465453e-17   2.3764298e-18   6.4333629e-19   6.6157093e-19   1.0245443e-18   2.0541406e-18   1.2098150e-17   1.4796703e-16   1.8705658e-15   2.1653495e-14   2.2702920e-13   2.1539775e-12   1.8491581e-11   1.4364076e-10   1.0096060e-09   6.4209122e-09   3.6949799e-08   1.9239686e-07   9.0647205e-07   3.8643942e-06   1.4906613e-05   5.2029191e-05   1.6431822e-04   4.6956415e-04   1.2141566e-03   2.8406976e-03   6.0137568e-03   1.1519597e-02   1.9966376e-02   3.1313510e-02   4.4435986e-02   5.7056936e-02   6.6290702e-02   6.9689499e-02   6.6290702e-02   5.7056936e-02   4.4435986e-02   3.1313510e-02   1.9966376e-02   1.1519597e-02   6.0137568e-03   2.8406976e-03   1.2141566e-03   4.6956415e-04
   1.1146780e-19   3.1854987e-19   8.2385389e-19   1.9295715e-18   4.1063387e-18   8.0692370e-18   1.5731997e-17   3.8235188e-17   1.4958493e-16   7.9833090e-16   4.4163139e-15   2.2808780e-14   1.0728512e-13   4.5721577e-13   1.7635566e-12   6.1553334e-12   1.9439677e-11   5.5551783e-11   1.4364077e-10   3.3606866e-10   7.1145735e-10   1.3628256e-09   2.3621216e-09   3.7045441e-09   5.2569983e-09   6.7501194e-09   7.8425199e-09   8.2446145e-09   7.8425199e-09   6.7501194e-09   5.2569983e-09   3.7045441e-09   2.3621216e-09   1.3628256e-09   7.1145735e-10   3.3606866e-10   1.4364076e-10   5.5551775e-11   1.9439663e-11   6.1553122e-12   1.7635265e-12   4.5717707e-13   1.0724018e-13   2.2761595e-14   4.3715999e-15   7.6028478e-16   1.2098303e-16   2.0257011e-17   8.4393957e-18   1.1094974e-17   1.7109449e-17   2.5658976e-17   5.5079052e-17   3.7729699e-16   4.4091646e-15   5.0692637e-14   5.3119493e-13   5.0395675e-12   4.3263783e-11   3.3606867e-10   2.3621216e-09   1.5022667e-08   8.6449480e-08   4.5014070e-07   2.1208245e-06   9.0413176e-06   3.4876209e-05   1.2172993e-04   3.8444661e-04   1.0986143e-03   2.8406976e-03   6.6462291e-03   1.4070067e-02   2.6951788e-02   4.6714268e-02   7.3262556e-02   1.0396452e-01   1.3349308e-01   1.5509683e-01   1.6304882e-01   1.5509683e-01   1.3349308e-01   1.0396452e-01   7.3262556e-02   4.6714268e-02   2.6951788e-02   1.4070067e-02   6.6462291e-03   2.8406976e-03   1.0986143e-03
   1.7436393e-18   4.9828097e-18   1.2885339e-17   3.0161512e-17   6.4002587e-17   1.2402905e-16   2.2724558e-16   4.5171863e-16   1.3110402e-15   5.9446215e-15   3.1428250e-14   1.6072301e-13   7.5446097e-13   3.2139602e-12   1.2395748e-11   4.3264099e-11   1.3663553e-10   3.9045620e-10   1.0096061e-09   2.3621216e-09   5.0006115e-09   9.5788754e-09   1.6602615e-08   2.6038083e-08   3.6949799e-08   4.7444481e-08   5.5122622e-08   5.7948819e-08   5.5122622e-08   4.7444481e-08   3.6949799e-08   2.6038083e-08   1.6602615e-08   9.5788754e-09   5.0006115e-09   2.3621216e-09   1.0096060e-09   3.9045607e-10   1.3663532e-10   4.3263766e-11   1.2395277e-11   3.2133549e-12   7.5375799e-13   1.5998491e-13   3.0728805e-14   5.3494799e-15   8.6363123e-16   1.7049249e-16   1.1316711e-16   1.7129642e-16   2.6619933e-16   3.8050063e-16   5.3541144e-16   1.2853233e-15   9.8457348e-15   1.0780290e-13   1.1249585e-12   1.0669091e-11   9.1589660e-11   7.1145752e-10   5.0006116e-09   3.1802986e-08   1.8301355e-07   9.5294787e-07   4.4897855e-06   1.9140470e-05   7.3832936e-05   2.5770227e-04   8.1387348e-04   2.3257664e-03   6.0137568e-03   1.4070067e-02   2.9786332e-02   5.7056936e-02   9.8894106e-02   1.5509683e-01   2.2009288e-01   2.8260485e-01   3.2833999e-01   3.4517435e-01   3.2833999e-01   2.8260485e-01   2.2009288e-01   1.5509683e-01   9.8894106e-02   5.7056936e-02   2.9786332e-02   1.4070067e-02   6.0137568e-03   2.3257664e-03
   2.4679472e-17   7.0525936e-17   1.8236748e-16   4.2676688e-16   9.0442370e-16   1.7415518e-15   3.0965967e-15   5.4626903e-15   1.2013139e-14   4.2525718e-14   2.0536069e-13   1.0279331e-12   4.8037183e-12   2.0444926e-11   7.8838396e-11   2.7515445e-10   8.6897897e-10   2.4832319e-09   6.4209131e-09   1.5022667e-08   3.1802987e-08   6.0919919e-08   1.0558963e-07   1.6559751e-07   2.3499405e-07   3.0173833e-07   3.5056993e-07   3.6854403e-07   3.5056993e-07   3.0173833e-07   2.3499405e-07   1.6559751e-07   1.0558963e-07   6.0919919e-08   3.1802986e-08   1.5022667e-08   6.4209122e-09   2.4832302e-09   8.6897597e-10   2.7514975e-10   7.8831722e-11   2.0436358e-11   4.7937682e-12   1.0174860e-12   1.9546072e-13   3.4102062e-14   5.6804948e-15   1.4822044e-15   1.4819198e-15   2.4104550e-15   3.7640138e-15   5.3455389e-15   6.9534340e-15   9.3492394e-15   2.6100168e-14   2.1338800e-13   2.1608317e-12   2.0441695e-11   1.7544699e-10   1.3628280e-09   9.5788768e-09   6.0919920e-08   3.5056993e-07   1.8254105e-06   8.6003674e-06   3.6664351e-05   1.4143000e-04   4.9363922e-04   1.5590079e-03   4.4551006e-03   1.1519597e-02   2.6951788e-02   5.7056936e-02   1.0929489e-01   1.8943570e-01   2.9709431e-01   4.2159690e-01   5.4134113e-01   6.2894867e-01   6.6119555e-01   6.2894867e-01   5.4134113e-01   4.2159690e-01   2.9709431e-01   1.8943570e-01   1.0929489e-01   5.7056936e-02   2.6951788e-02   1.1519597e-02   4.4551006e-03
   3.1607217e-16   9.0322754e-16   2.3355295e-15   5.4648402e-15   1.1574581e-14   2.2223899e-14   3.8968768e-14   6.4603980e-14   1.1619900e-13   3.0515532e-13   1.2519866e-12   5.9891642e-12   2.7713708e-11   1.1771286e-10   4.5373071e-10   1.5834377e-09   5.0006499e-09   1.4290025e-08   3.6949810e-08   8.6449486e-08   1.8301355e-07   3.5056993e-07   6.0762639e-07   9.5294787e-07   1.3522974e-06   1.7363842e-06   2.0173907e-06   2.1208245e-06   2.0173907e-06   1.7363842e-06   1.3522974e-06   9.5294787e-07   6.0762639e-07   3.5056993e-07   1.8301355e-07   8.6449480e-08   3.6949799e-08   1.4290003e-08   5.0006115e-09   1.5833775e-09   4.5364524e-10   1.1760313e-10   2.7586275e-11   5.8553669e-12   1.1251967e-12   1.9727268e-13   3.5096164e-14   1.3625483e-14   1.8289425e-14   3.0790402e-14   4.8193643e-14   6.8390836e-14   8.7970365e-14   1.0440904e-13   1.3796497e-13   4.5805984e-13   3.8211864e-12   3.5489755e-11   3.0413568e-10   2.3621523e-09   1.6602632e-08   1.0558964e-07   6.0762639e-07   3.1638983e-06   1.4906613e-05   6.3548597e-05   2.4513398e-04   8.5560166e-04   2.7021551e-03   7.7218165e-03   1.9966376e-02   4.6714268e-02   9.8894106e-02   1.8943570e-01   3.2833999e-01   5.1493961e-01   7.3073410e-01   9.3828115e-01   1.0901272e+00   1.1460192e+00   1.0901272e+00   9.3828115e-01   7.3073410e-01   5.1493961e-01   3.2833999e-01   1.8943570e-01   9.8894106e-02   4.6714268e-02   1.9966376e-02   7.7218165e-03
   3.6627519e-15   1.0466886e-14   2.7064563e-14   6.3324259e-14   1.3408617e-13   2.5711994e-13   4.4799252e-13   7.2075816e-13   1.1504879e-12   2.2892991e-12   7.3327730e-12   3.2040881e-11   1.4511842e-10   6.1362885e-10   2.3631121e-09   8.2453125e-09   2.6038528e-08   7.4408014e-08   1.9239699e-07   4.5014076e-07   9.5294789e-07   1.8254106e-06   3.1638983e-06   4.9619803e-06   7.0413852e-06   9.0413176e-06   1.0504512e-05   1.1043090e-05   1.0504512e-05   9.0413176e-06   7.0413852e-06   4.9619803e-06   3.1638983e-06   1.8254105e-06   9.5294787e-07   4.5014070e-07   1.9239686e-07   7.4407757e-08   2.6038083e-08   8.2446145e-09   2.3621217e-09   6.1235728e-10   1.4364169e-10   3.0490391e-11   5.8634875e-12   1.0391177e-12   2.1064017e-13   1.3000166e-13   2.0835310e-13   3.5639123e-13   5.5843428e-13   7.9242394e-13   1.0177324e-12   1.1858896e-12   1.2909222e-12   1.7405245e-12   6.8725803e-12   5.6344179e-11   4.7746252e-10   3.7049001e-09   2.6038288e-08   1.6559762e-07   9.5294792e-07   4.9619803e-06   2.3378222e-05   9.9664039e-05   3.8444661e-04   1.3418505e-03   4.2378228e-03   1.2110219e-02   3.1313510e-02   7.3262556e-02   1.5509683e-01   2.9709431e-01   5.1493961e-01   8.0758607e-01   1.1460192e+00   1.4715178e+00   1.7096597e+00   1.7973159e+00   1.7096597e+00   1.4715178e+00   1.1460192e+00   8.0758607e-01   5.1493961e-01   2.9709431e-01   1.5509683e-01   7.3262556e-02   3.1313510e-02   1.2110219e-02
   3.8406031e-14   1.0975112e-13   2.8378566e-13   6.6397112e-13   1.4057621e-12   2.6940782e-12   4.6805375e-12   7.4261327e-12   1.1139760e-11   1.8129654e-11   4.3080291e-11   1.5992926e-10   6.9225326e-10   2.8984377e-09   1.1139451e-08   3.8851574e-08   1.2268232e-07   3.5057262e-07   9.0647346e-07   2.1208251e-06   4.4897857e-06   8.6003675e-06   1.4906613e-05   2.3378222e-05   3.3175277e-05   4.2597898e-05   4.9491697e-05   5.2029191e-05   4.9491697e-05   4.2597898e-05   3.3175277e-05   2.3378222e-05   1.4906613e-05   8.6003674e-06   4.4897855e-06   2.1208245e-06   9.0647205e-07   3.5056993e-07   1.2267765e-07   3.8844256e-08   1.1129066e-08   2.8851046e-09   6.7676890e-10   1.4367149e-10   2.7673996e-11   5.0207894e-12   1.2849215e-12   1.2317143e-12   2.1677816e-12   3.7349938e-12   5.8552849e-12   8.3088426e-12   1.0669092e-11   1.2400616e-11   1.3099175e-11   1.3187680e-11   1.8977516e-11   8.7140524e-11   6.8261428e-10   5.2607317e-09   3.6951953e-08   2.3499518e-07   1.3522979e-06   7.0413855e-06   3.3175277e-05   1.4143000e-04   5.4555571e-04   1.9041765e-03   6.0137568e-03   1.7185219e-02   4.4435986e-02   1.0396452e-01   2.2009288e-01   4.2159690e-01   7.3073410e-01   1.1460192e+00   1.6262786e+00   2.0881831e+00   2.4261226e+00   2.5505126e+00   2.4261226e+00   2.0881831e+00   1.6262786e+00   1.1460192e+00   7.3073410e-01   4.2159690e-01   2.2009288e-01   1.0396452e-01   4.4435986e-02   1.7185219e-02
   3.6438624e-13   1.0412891e-12   2.6924761e-12   6.2994981e-12   1.3336614e-11   2.5552301e-11   4.4335575e-11   6.9896896e-11   1.0175301e-10   1.4696377e-10   2.6460700e-10   7.6689796e-10   3.0321057e-09   1.2426047e-08   4.7543020e-08   1.6566695e-07   5.2303315e-07   1.4945453e-06   3.8644075e-06   9.0413239e-06   1.9140472e-05   3.6664352e-05   6.3548597e-05   9.9664039e-05   1.4143000e-04   1.8159972e-04   2.1098877e-04   2.2180640e-04   2.1098877e-04   1.8159972e-04   1.4143000e-04   9.9664039e-05   6.3548597e-05   3.6664351e-05   1.9140470e-05   9.0413176e-06   3.8643942e-06   1.4945198e-06   5.2298888e-07   1.6559751e-07   4.7444487e-08   1.2299546e-08   2.8851941e-09   6.1264853e-10   1.1843614e-10   2.2590332e-11   8.2528981e-12   1.1125890e-11   2.0495211e-11   3.5428232e-11   5.5552500e-11   7.8831822e-11   1.0122242e-10   1.1760997e-10   1.2372055e-10   1.1862058e-10   1.1189065e-10   1.8005366e-10   9.2452775e-10   6.7855408e-09   4.7464917e-08   3.0174900e-07   1.7363893e-06   9.0413198e-06   4.2597899e-05   1.8159972e-04   7.0050739e-04   2.4450110e-03   7.7218165e-03   2.2066258e-02   5.7056936e-02   1.3349308e-01   2.8260485e-01   5.4134113e-01   9.3828115e-01   1.4715178e+00   2.0881831e+00   2.6812802e+00   3.1152031e+00   3.2749230e+00   3.1152031e+00   2.6812802e+00   2.0881831e+00   1.4715178e+00   9.3828115e-01   5.4134113e-01   2.8260485e-01   1.3349308e-01   5.7056936e-02   2.2066258e-02
   3.1282041e-12   8.9393174e-12   2.3114498e-11   5.4079974e-11   1.1448953e-10   2.1933047e-10   3.8033640e-10   5.9789368e-10   8.5834424e-10   1.1650517e-09   1.7156528e-09   3.6888337e-09   1.2391073e-08   4.8530701e-08   1.8385950e-07   6.3937619e-07   2.0177708e-06   5.7652180e-06   1.4906727e-05   3.4876264e-05   7.3832959e-05   1.4143001e-04   2.4513398e-04   3.8444661e-04   5.4555571e-04   7.0050739e-04   8.1387348e-04   8.5560166e-04   8.1387348e-04   7.0050739e-04   5.4555571e-04   3.8444661e-04   2.4513398e-04   1.4143000e-04   7.3832936e-05   3.4876209e-05   1.4906613e-05   5.7649986e-06   2.0173907e-06   6.3878007e-07   1.8301361e-07   4.7444708e-08   1.1129858e-08   2.3646242e-09   4.6079669e-10   9.7323302e-11   5.5659043e-11   9.3352920e-11   1.7567025e-10   3.0411394e-10   4.7690692e-10   6.7675947e-10   8.6897656e-10   1.0096140e-09   1.0614717e-09   1.0107882e-09   8.8137125e-10   7.9436228e-10   1.4865102e-09   8.1466074e-09   5.5298065e-08   3.5066152e-07   2.0174339e-06   1.0504531e-05   4.9491704e-05   2.1098877e-04   8.1387348e-04   2.8406976e-03   8.9714709e-03   2.5637334e-02   6.6290702e-02   1.5509683e-01   3.2833999e-01   6.2894867e-01   1.0901272e+00   1.7096597e+00   2.4261226e+00   3.1152031e+00   3.6193497e+00   3.8049177e+00   3.6193497e+00   3.1152031e+00   2.4261226e+00   1.7096597e+00   1.0901272e+00   6.2894867e-01   3.2833999e-01   1.5509683e-01   6.6290702e-02   2.5637334e-02
   2.4299580e-11   6.9439726e-11   1.7955103e-10   4.2008675e-10   8.8933142e-10   1.7036243e-09   2.9534444e-09   4.6368354e-09   6.6145116e-09   8.7127990e-09   1.1386527e-08   1.8550383e-08   4.8647405e-08   1.7403516e-07   6.4535131e-07   2.2341922e-06   7.0443379e-06   2.0123526e-05   5.2030080e-05   1.2173035e-04   2.5770245e-04   4.9363929e-04   8.5560169e-04   1.3418505e-03   1.9041765e-03   2.4450110e-03   2.8406976e-03   2.9863432e-03   2.8406976e-03   2.4450110e-03   1.9041765e-03   1.3418505e-03   8.5560166e-04   4.9363922e-04   2.5770227e-04   1.2172993e-04   5.2029191e-05   2.0121822e-05   7.0413853e-06   2.2295616e-06   6.3878052e-07   1.6559927e-07   3.8850411e-08   8.2640542e-09   1.6389292e-09   4.1879051e-10   3.7933242e-10   7.1761267e-10   1.3636180e-09   2.3622139e-09   3.7045538e-09   5.2569993e-09   6.7501201e-09   7.8425283e-09   8.2447217e-09   7.8437626e-09   6.7631502e-09   5.3806310e-09   4.7659137e-09   1.0606736e-08   5.9311645e-08   3.6925549e-07   2.1211605e-06   1.1043234e-05   5.2029246e-05   2.2180642e-04   8.5560167e-04   2.9863432e-03   9.4314480e-03   2.6951788e-02   6.9689499e-02   1.6304882e-01   3.4517435e-01   6.6119555e-01   1.1460192e+00   1.7973159e+00   2.5505126e+00   3.2749230e+00   3.8049177e+00   4.0000000e+00   3.8049177e+00   3.2749230e+00   2.5505126e+00   1.7973159e+00   1.1460192e+00   6.6119555e-01   3.4517435e-01   1.6304882e-01   6.9689499e-02   2.6951788e-02
   1.7079415e-10   4.8807011e-10   1.2620078e-09   2.9526549e-09   6.2507951e-09   1.1973886e-08   2.0755771e-08   3.2567043e-08   4.6323884e-08   6.0174577e-08   7.3903889e-08   9.8474107e-08   1.9158093e-07   5.8229448e-07   2.0635779e-06   7.0739329e-06   2.2258806e-05   6.3560571e-05   1.6432447e-04   3.8444956e-04   8.1387474e-04   1.5590084e-03   2.7021553e-03   4.2378228e-03   6.0137568e-03   7.7218165e-03   8.9714709e-03   9.4314480e-03   8.9714709e-03   7.7218165e-03   6.0137568e-03   4.2378228e-03   2.7021551e-03   1.5590079e-03   8.1387348e-04   3.8444661e-04   1.6431822e-04   6.3548597e-05   2.2238053e-05   7.0413860e-06   2.0173939e-06   5.2300127e-07   1.2272092e-07   2.6174718e-08   5.3910675e-09   1.8785820e-09   2.4987569e-09   5.0200511e-09   9.5813780e-09   1.6602906e-08   2.6038114e-08   3.6949802e-08   4.7444481e-08   5.5122630e-08   5.7948921e-08   5.5123804e-08   4.7456876e-08   3.7067402e-08   2.7047689e-08   2.4445135e-08   6.4701498e-08   3.5557054e-07   2.0197528e-06   1.0505522e-05   4.9492088e-05   2.1098891e-04   8.1387352e-04   2.8406976e-03   8.9714709e-03   2.5637334e-02   6.6290702e-02   1.5509683e-01   3.2833999e-01   6.2894867e-01   1.0901272e+00   1.7096597e+00   2.4261226e+00   3.1152031e+00   3.6193497e+00   3.8049177e+00   3.6193497e+00   3.1152031e+00   2.4261226e+00   1.7096597e+00   1.0901272e+00   6.2894867e-01   3.2833999e-01   1.5509683e-01   6.6290702e-02   2.5637334e-02
   1.0862200e-09   3.1040378e-09   8.0261410e-09   1.8778342e-08   3.9753821e-08   7.6150732e-08   1.3199419e-07   2.0705244e-07   2.9413302e-07   3.7965615e-07   4.5250241e-07   5.3508780e-07   7.8878234e-07   1.8716927e-06   6.0587412e-06   2.0328819e-05   6.3680584e-05   1.8167587e-04   4.6960390e-04   1.0986331e-03   2.3257745e-03   4.4551037e-03   7.7218176e-03   1.2110219e-02   1.7185219e-02   2.2066258e-02   2.5637334e-02   2.6951788e-02   2.5637334e-02   2.2066258e-02   1.7185219e-02   1.2110219e-02   7.7218165e-03   4.4551006e-03   2.3257664e-03   1.0986143e-03   4.6956415e-04   1.8159972e-04   6.3548598e-05   2.0121827e-05   5.7650191e-06   1.4945986e-06   3.5084508e-07   7.5276733e-08   1.6773233e-08   8.9041424e-09   1.5413123e-08   3.1858538e-08   6.0927070e-08   1.0559047e-07   1.6559760e-07   2.3499406e-07   3.0173834e-07   3.5056994e-07   3.6854412e-07   3.5057095e-07   3.0174900e-07   2.3509527e-07   1.6646648e-07   1.1233975e-07   1.0836440e-07   3.3354132e-07   1.7514069e-06   9.0477385e-06   4.2600382e-05   1.8160059e-04   7.0050767e-04   2.4450111e-03   7.7218166e-03   2.2066258e-02   5.7056936e-02   1.3349308e-01   2.8260485e-01   5.4134113e-01   9.3828115e-01   1.4715178e+00   2.0881831e+00   2.6812802e+00   3.1152031e+00   3.2749230e+00   3.1152031e+00   2.6812802e+00   2.0881831e+00   1.4715178e+00   9.3828115e-01   5.4134113e-01   2.8260485e-01   1.3349308e-01   5.7056936e-02   2.2066258e-02
   6.2507643e-09   1.7862504e-08   4.6187250e-08   1.0806187e-07   2.2876717e-07   4.3821456e-07   7.5955148e-07   1.1913285e-06   1.6913813e-06   2.1769012e-06   2.5586881e-06   2.8434275e-06   3.4282104e-06   6.0348744e-06   1.6596984e-05   5.3220375e-05   1.6507775e-04   4.7000236e-04   1.2143853e-03   2.8408056e-03   6.0138030e-03   1.1519614e-02   1.9966382e-02   3.1313512e-02   4.4435987e-02   5.7056936e-02   6.6290702e-02   6.9689499e-02   6.6290702e-02   5.7056936e-02   4.4435986e-02   3.1313510e-02   1.9966376e-02   1.1519597e-02   6.0137568e-03   2.8406976e-03   1.2141566e-03   4.6956415e-04   1.6431823e-04   5.2029218e-05   1.4906730e-05   3.8648478e-06   9.0805543e-07   1.9739747e-07   5.1239802e-08   4.3370711e-08   8.7459086e-08   1.8315719e-07   3.5058842e-07   6.0762854e-07   9.5294809e-07   1.3522974e-06   1.7363842e-06   2.0173907e-06   2.1208245e-06   2.0173914e-06   1.7363925e-06   1.3523762e-06   9.5362463e-07   6.1288339e-07   3.8751973e-07   4.1800760e-07   1.4387469e-06   7.0783350e-06   3.3189567e-05   1.4143500e-04   5.4555729e-04   1.9041770e-03   6.0137569e-03   1.7185219e-02   4.4435986e-02   1.0396452e-01   2.2009288e-01   4.2159690e-01   7.3073410e-01   1.1460192e+00   1.6262786e+00   2.0881831e+00   2.4261226e+00   2.5505126e+00   2.4261226e+00   2.0881831e+00   1.6262786e+00   1.1460192e+00   7.3073410e-01   4.2159690e-01   2.2009288e-01   1.0396452e-01   4.4435986e-02   1.7185219e-02
   3.2547604e-08   9.3009697e-08   2.4049607e-07   5.6267592e-07   1.1911854e-06   2.2817682e-06   3.9549162e-06   6.2028115e-06   8.8040937e-06   1.1316670e-05   1.3217090e-05   1.4254004e-05   1.5251465e-05   2.0342965e-05   4.3677941e-05   1.2793241e-04   3.8840148e-04   1.1008960e-03   2.8418887e-03   6.6467918e-03   1.4070308e-02   2.6951881e-02   4.6714300e-02   7.3262566e-02   1.0396452e-01   1.3349308e-01   1.5509683e-01   1.6304882e-01   1.5509683e-01   1.3349308e-01   1.0396452e-01   7.3262556e-02   4.6714268e-02   2.6951788e-02   1.4070067e-02   6.6462291e-03   2.8406976e-03   1.0986143e-03   3.8444664e-04   1.2173008e-04   3.4876822e-05   9.0436798e-06   2.1290691e-06   4.7617879e-07   1.6085724e-07   2.0741952e-07   4.5250282e-07   9.5328394e-07   1.8254538e-06   3.1639034e-06   4.9619809e-06   7.0413853e-06   9.0413176e-06   1.0504512e-05   1.1043090e-05   1.0504513e-05   9.0413235e-06   7.0414408e-06   4.9624572e-06   3.1676029e-06   1.8514486e-06   1.1185454e-06   1.4030886e-06   5.1543772e-06   2.3452630e-05   9.9690077e-05   3.8445485e-04   1.3418529e-03   4.2378234e-03   1.2110219e-02   3.1313510e-02   7.3262556e-02   1.5509683e-01   2.9709431e-01   5.1493961e-01   8.0758607e-01   1.1460192e+00   1.4715178e+00   1.7096597e+00   1.7973159e+00   1.7096597e+00   1.4715178e+00   1.1460192e+00   8.0758607e-01   5.1493961e-01   2.9709431e-01   1.5509683e-01   7.3262556e-02   3.1313510e-02   1.2110219e-02
   1.5334706e-07   4.3821241e-07   1.1330901e-06   2.6510307e-06   5.6122330e-06   1.0750470e-05   1.8633357e-05   2.9223489e-05   4.1474096e-05   5.3279176e-05   6.2047635e-05   6.5989436e-05   6.6354407e-05   7.2387843e-05   1.1530203e-04   2.8692505e-04   8.3250674e-04   2.3365169e-03   6.0193690e-03   1.4072718e-02   2.9787465e-02   5.7057374e-02   9.8894259e-02   1.5509688e-01   2.2009289e-01   2.8260486e-01   3.2834000e-01   3.4517435e-01   3.2833999e-01   2.8260485e-01   2.2009288e-01   1.5509683e-01   9.8894106e-02   5.7056936e-02   2.9786332e-02   1.4070067e-02   6.0137568e-03   2.3257665e-03   8.1387362e-04   2.5770295e-04   7.3835821e-05   1.9151599e-05   4.5286298e-06   1.0756256e-06   5.3358351e-07   9.3827506e-07   2.1258251e-06   4.4904969e-06   8.6004590e-06   1.4906623e-05   2.3378223e-05   3.3175277e-05   4.2597898e-05   4.9491697e-05   5.2029191e-05   4.9491697e-05   4.2597902e-05   3.3175312e-05   2.3378526e-05   1.4908975e-05   8.6169700e-06   4.5953751e-06   2.7284509e-06   4.0703704e-06   1.5257183e-05   6.3671275e-05   2.4517282e-04   8.5561279e-04   2.7021580e-03   7.7218172e-03   1.9966376e-02   4.6714268e-02   9.8894106e-02   1.8943570e-01   3.2833999e-01   5.1493961e-01   7.3073410e-01   9.3828115e-01   1.0901272e+00   1.1460192e+00   1.0901272e+00   9.3828115e-01   7.3073410e-01   5.1493961e-01   3.2833999e-01   1.8943570e-01   9.8894106e-02   4.6714268e-02   1.9966376e-02   7.7218165e-03
   6.5373610e-07   1.8681497e-06   4.8304927e-06   1.1301647e-05   2.3925589e-05   4.5830459e-05   7.9435922e-05   1.2458141e-04   1.7679708e-04   2.2706057e-04   2.6408654e-04   2.7908341e-04   2.7233633e-04   2.6366400e-04   3.1821751e-04   6.1821927e-04   1.6384436e-03   4.5009310e-03   1.1543522e-02   2.6963090e-02   5.7061766e-02   1.0929676e-01   1.8943635e-01   2.9709452e-01   4.2159696e-01   5.4134115e-01   6.2894867e-01   6.6119555e-01   6.2894867e-01   5.4134113e-01   4.2159690e-01   2.9709431e-01   1.8943570e-01   1.0929489e-01   5.7056936e-02   2.6951788e-02   1.1519597e-02   4.4551007e-03   1.5590085e-03   4.9364210e-04   1.4144230e-04   3.6711796e-05   8.7659657e-06   2.3484000e-06   1.8450900e-06   3.9253143e-06   9.0508966e-06   1.9141832e-05   3.6664526e-05   6.3548617e-05   9.9664041e-05   1.4143000e-04   1.8159972e-04   2.1098877e-04   2.2180640e-04   2.1098877e-04   1.8159972e-04   1.4143002e-04   9.9664214e-05   6.3549960e-05   3.6673930e-05   1.9201389e-05   9.3918876e-06   5.6898047e-06   1.0094887e-05   3.7187340e-05   1.4159560e-04   4.9368666e-04   1.5590202e-03   4.4551035e-03   1.1519597e-02   2.6951788e-02   5.7056936e-02   1.0929489e-01   1.8943570e-01   2.9709431e-01   4.2159690e-01   5.4134113e-01   6.2894867e-01   6.6119555e-01   6.2894867e-01   5.4134113e-01   4.2159690e-01   2.9709431e-01   1.8943570e-01   1.0929489e-01   5.7056936e-02   2.6951788e-02   1.1519597e-02   4.4551006e-03
   2.5217383e-06   7.2062483e-06   1.8633266e-05   4.3595262e-05   9.2291174e-05   1.7678754e-04   3.0641778e-04   4.8056062e-04   6.8196124e-04   8.7573983e-04   1.0179495e-03   1.0726660e-03   1.0322485e-03   9.3918284e-04   9.2707861e-04   1.3361599e-03   3.0085726e-03   7.8986040e-03   2.0058667e-02   4.6757863e-02   9.8912739e-02   1.8944290e-01   3.2834252e-01   5.1494041e-01   7.3073432e-01   9.3828121e-01   1.0901272e+00   1.1460192e+00   1.0901272e+00   9.3828115e-01   7.3073410e-01   5.1493961e-01   3.2833999e-01   1.8943570e-01   9.8894106e-02   4.6714268e-02   1.9966376e-02   7.7218170e-03   2.7021575e-03   8.5561280e-04   2.4518144e-04   6.3731621e-05   1.5545401e-05   5.1812948e-06   6.3726288e-06   1.5012204e-05   3.4892813e-05   7.3835299e-05   1.4143031e-04   2.4513402e-04   3.8444661e-04   5.4555571e-04   7.0050739e-04   8.1387348e-04   8.5560166e-04   8.1387348e-04   7.0050739e-04   5.4555572e-04   3.8444670e-04   2.4513469e-04   1.4143500e-04   7.3864739e-05   3.5059223e-05   1.5859561e-05   1.0254784e-05   2.1157860e-05   7.4471716e-05   2.5788528e-04   8.1392092e-04   2.3257776e-03   6.0137591e-03   1.4070068e-02   2.9786332e-02   5.7056936e-02   9.8894106e-02   1.5509683e-01   2.2009288e-01   2.8260485e-01   3.2833999e-01   3.4517435e-01   3.2833999e-01   2.8260485e-01   2.2009288e-01   1.5509683e-01   9.8894106e-02   5.7056936e-02   2.9786332e-02   1.4070067e-02   6.0137568e-03   2.3257664e-03
   8.8017316e-06   2.5152278e-05   6.5036488e-05   1.5216242e-04   3.2212784e-04   6.1704908e-04   1.0695026e-03   1.6773168e-03   2.3802467e-03   3.0564294e-03   3.5518249e-03   3.7378910e-03   3.5742502e-03   3.1559278e-03   2.7646673e-03   3.0191637e-03   5.3073248e-03   1.2727268e-02   3.1635638e-02   7.3414718e-02   1.5516187e-01   2.9711947e-01   5.1494842e-01   8.0758886e-01   1.1460200e+00   1.4715180e+00   1.7096598e+00   1.7973159e+00   1.7096597e+00   1.4715178e+00   1.1460192e+00   8.0758607e-01   5.1493961e-01   2.9709431e-01   1.5509683e-01   7.3262556e-02   3.1313511e-02   1.2110221e-02   4.2378311e-03   1.3418895e-03   3.8461232e-04   1.0030292e-04   2.5607863e-05   1.2003421e-05   2.1074806e-05   5.2194809e-05   1.2175598e-04   2.5770598e-04   4.9363970e-04   8.5560172e-04   1.3418505e-03   1.9041765e-03   2.4450110e-03   2.8406976e-03   2.9863432e-03   2.8406976e-03   2.4450110e-03   1.9041765e-03   1.3418506e-03   8.5560200e-04   4.9364158e-04   2.5771729e-04   1.2181638e-04   5.2479331e-05   2.2242647e-05   1.6082703e-05   3.7105771e-05   1.2236871e-04   3.8461221e-04   1.0986531e-03   2.8407058e-03   6.6462307e-03   1.4070067e-02   2.6951788e-02   4.6714268e-02   7.3262556e-02   1.0396452e-01   1.3349308e-01   1.5509683e-01   1.6304882e-01   1.5509683e-01   1.3349308e-01   1.0396452e-01   7.3262556e-02   4.6714268e-02   2.6951788e-02   1.4070067e-02   6.6462291e-03   2.8406976e-03   1.0986143e-03
   2.7797566e-05   7.9435746e-05   2.0539778e-04   4.8055826e-04   1.0173419e-03   1.9487599e-03   3.3776946e-03   5.2972837e-03   7.5172329e-03   9.6525057e-03   1.1215691e-02   1.1796351e-02   1.1247514e-02   9.7937007e-03   8.0627517e-03   7.2014550e-03   9.3914506e-03   1.9133979e-02   4.5453328e-02   1.0444507e-01   2.2029828e-01   4.2167633e-01   7.3076189e-01   1.1460280e+00   1.6262812e+00   2.0881838e+00   2.4261228e+00   2.5505126e+00   2.4261226e+00   2.0881831e+00   1.6262786e+00   1.1460192e+00   7.3073410e-01   4.2159690e-01   2.2009288e-01   1.0396452e-01   4.4435988e-02   1.7185225e-02   6.0137838e-03   1.9043003e-03   5.4607970e-04   1.4344826e-04   4.0217339e-05   2.9279915e-05   6.4901198e-05   1.6455339e-04   3.8448365e-04   8.1387878e-04   1.5590086e-03   2.7021552e-03   4.2378228e-03   6.0137568e-03   7.7218165e-03   8.9714709e-03   9.4314480e-03   8.9714709e-03   7.7218165e-03   6.0137568e-03   4.2378228e-03   2.7021552e-03   1.5590089e-03   8.1387990e-04   3.8448356e-04   1.6451062e-04   6.4455069e-05   2.6102447e-05   2.1947998e-05   5.4046581e-05   1.6484121e-04   4.6968683e-04   1.2141826e-03   2.8407026e-03   6.0137576e-03   1.1519597e-02   1.9966376e-02   3.1313510e-02   4.4435986e-02   5.7056936e-02   6.6290702e-02   6.9689499e-02   6.6290702e-02   5.7056936e-02   4.4435986e-02   3.1313510e-02   1.9966376e-02   1.1519597e-02   6.0137568e-03   2.8406976e-03   1.2141566e-03   4.6956415e-04
   7.9435746e-05   2.2699965e-04   5.8695518e-04   1.3732679e-03   2.9072081e-03   5.5688758e-03   9.6522716e-03   1.5137780e-02   2.1481571e-02   2.7583124e-02   3.2048404e-02   3.3698776e-02   3.2089265e-02   2.7764422e-02   2.2182031e-02   1.7582785e-02   1.7374087e-02   2.7635133e-02   5.9964144e-02   1.3486635e-01   2.8319181e-01   5.4156813e-01   9.3836059e-01   1.4715429e+00   2.0881903e+00   2.6812821e+00   3.1152036e+00   3.2749231e+00   3.1152032e+00   2.6812802e+00   2.0881831e+00   1.4715178e+00   9.3828115e-01   5.4134113e-01   2.8260485e-01   1.3349308e-01   5.7056943e-02   2.2066279e-02   7.7218988e-03   2.4453699e-03   7.0200975e-04   1.8737147e-04   6.2724978e-05   7.2593619e-05   1.8333847e-04   4.6986725e-04   1.0986624e-03   2.3257735e-03   4.4551016e-03   7.7218167e-03   1.2110219e-02   1.7185219e-02   2.2066258e-02   2.5637334e-02   2.6951788e-02   2.5637334e-02   2.2066258e-02   1.7185219e-02   1.2110219e-02   7.7218166e-03   4.4551010e-03   2.3257689e-03   1.0986286e-03   4.6963856e-04   1.8195029e-04   6.5043117e-05   2.5886821e-05   2.5886821e-05   6.5043117e-05   1.8195029e-04   4.6963856e-04   1.0986286e-03   2.3257689e-03   4.4551010e-03   7.7218166e-03   1.2110219e-02   1.7185219e-02   2.2066258e-02   2.5637334e-02   2.6951788e-02   2.5637334e-02   2.2066258e-02   1.7185219e-02   1.2110219e-02   7.7218165e-03   4.4551006e-03   2.3257664e-03   1.0986143e-03   4.6956415e-04   1.8159972e-04
   2.0539778e-04   5.8695518e-04   1.5176957e-03   3.5508719e-03   7.5171960e-03   1.4399496e-02   2.4957971e-02   3.9141896e-02   5.5545038e-02   7.1321520e-02   8.2865394e-02   8.7122378e-02   8.2912869e-02   7.1532158e-02   5.6358856e-02   4.1982585e-02   3.3929440e-02   4.0036830e-02   7.3807898e-02   1.5864770e-01   3.2985769e-01   6.2953562e-01   1.0903326e+00   1.7097248e+00   2.4261413e+00   3.1152080e+00   3.6193508e+00   3.8049179e+00   3.6193497e+00   3.1152031e+00   2.4261226e+00   1.7096597e+00   1.0901272e+00   6.2894867e-01   3.2834001e-01   1.5509686e-01   6.6290745e-02   2.5637418e-02   8.9717184e-03   2.8416620e-03   8.1779299e-04   2.2594283e-04   1.0155784e-04   1.7484877e-04   4.7159814e-04   1.2145167e-03   2.8407577e-03   6.0137670e-03   1.1519599e-02   1.9966376e-02   3.1313510e-02   4.4435986e-02   5.7056936e-02   6.6290702e-02   6.9689499e-02   6.6290702e-02   5.7056936e-02   4.4435986e-02   3.1313510e-02   1.9966376e-02   1.1519597e-02   6.0137576e-03   2.8407026e-03   1.2141826e-03   4.6968683e-04   1.6484121e-04   5.4046581e-05   2.1947998e-05   2.6102447e-05   6.4455069e-05   1.6451062e-04   3.8448356e-04   8.1387990e-04   1.5590089e-03   2.7021552e-03   4.2378228e-03   6.0137568e-03   7.7218165e-03   8.9714709e-03   9.4314480e-03   8.9714709e-03   7.7218165e-03   6.0137568e-03   4.2378228e-03   2.7021551e-03   1.5590079e-03   8.1387348e-04   3.8444661e-04   1.6431822e-04   6.3548597e-05
   4.8055826e-04   1.3732678e-03   3.5508719e-03   8.3077864e-03   1.7587584e-02   3.3689735e-02   5.8392836e-02   9.1578203e-02   1.2995570e-01   1.6686672e-01   1.9387316e-01   2.0382206e-01   1.9392307e-01   1.6708816e-01   1.3081125e-01   9.4564538e-02   6.7824283e-02   6.0641523e-02   8.7277082e-02   1.7135660e-01   3.4872522e-01   6.6256882e-01   1.1464997e+00   1.7974680e+00   2.5505562e+00   3.2749343e+00   3.8049203e+00   4.0000006e+00   3.8049178e+00   3.2749230e+00   2.5505126e+00   1.7973159e+00   1.1460192e+00   6.6119561e-01   3.4517445e-01   1.6304898e-01   6.9689749e-02   2.6952176e-02   9.4322487e-03   2.9888326e-03   8.6499355e-04   2.5698435e-04   1.7399412e-04   3.9565530e-04   1.1008407e-03   2.8411270e-03   6.6463188e-03   1.4070090e-02   2.6951795e-02   4.6714270e-02   7.3262556e-02   1.0396452e-01   1.3349308e-01   1.5509683e-01   1.6304882e-01   1.5509683e-01   1.3349308e-01   1.0396452e-01   7.3262556e-02   4.6714268e-02   2.6951788e-02   1.4070067e-02   6.6462307e-03   2.8407058e-03   1.0986531e-03   3.8461221e-04   1.2236871e-04   3.7105771e-05   1.6082703e-05   2.2242647e-05   5.2479331e-05   1.2181638e-04   2.5771729e-04   4.9364158e-04   8.5560200e-04   1.3418506e-03   1.9041765e-03   2.4450110e-03   2.8406976e-03   2.9863432e-03   2.8406976e-03   2.4450110e-03   1.9041765e-03   1.3418505e-03   8.5560166e-04   4.9363922e-04   2.5770227e-04   1.2172993e-04   5.2029191e-05   2.0121822e-05
   1.0173418e-03   2.9072081e-03   7.5171960e-03   1.7587584e-02   3.7232915e-02   7.1321170e-02   1.2361763e-01   1.9387105e-01   2.7511616e-01   3.5325642e-01   4.1042701e-01   4.3147844e-01   4.1047448e-01   3.5346705e-01   2.7592997e-01   1.9671174e-01   1.3258910e-01   9.6958503e-02   1.0352362e-01   1.7268442e-01   3.3585719e-01   6.3185587e-01   1.0911445e+00   1.7099819e+00   2.4262149e+00   3.1152271e+00   3.6193553e+00   3.8049189e+00   3.6193499e+00   3.1152032e+00   2.4261227e+00   1.7096598e+00   1.0901274e+00   6.2894902e-01   3.2834060e-01   1.5509779e-01   6.6292086e-02   2.5639253e-02   8.9744412e-03   2.8473082e-03   8.3503134e-04   2.8655809e-04   3.0854626e-04   8.2533094e-04   2.3283915e-03   6.0144579e-03   1.4070305e-02   2.9786427e-02   5.7056974e-02   9.8894120e-02   1.5509684e-01   2.2009288e-01   2.8260485e-01   3.2833999e-01   3.4517435e-01   3.2833999e-01   2.8260485e-01   2.2009288e-01   1.5509683e-01   9.8894106e-02   5.7056936e-02   2.9786332e-02   1.4070068e-02   6.0137591e-03   2.3257776e-03   8.1392092e-04   2.5788528e-04   7.4471716e-05   2.1157860e-05   1.0254784e-05   1.5859561e-05   3.5059223e-05   7.3864739e-05   1.4143500e-04   2.4513469e-04   3.8444670e-04   5.4555572e-04   7.0050739e-04   8.1387348e-04   8.5560166e-04   8.1387348e-04   7.0050739e-04   5.4555571e-04   3.8444661e-04   2.4513398e-04   1.4143000e-04   7.3832936e-05   3.4876209e-05   1.4906613e-05   5.7649986e-06
   1.9487598e-03   5.5688757e-03   1.4399496e-02   3.3689735e-02   7.1321170e-02   1.3661861e-01   2.3679462e-01   3.7136790e-01   5.2699617e-01   6.7667672e-01   7.8618757e-01   8.2650348e-01   7.8622843e-01   6.7685802e-01   5.2769663e-01   3.7381290e-01   2.4451644e-01   1.5868487e-01   1.2837811e-01   1.6718281e-01   2.9700435e-01   5.4691001e-01   9.4022991e-01   1.4721348e+00   2.0883599e+00   2.6813260e+00   3.1152139e+00   3.2749253e+00   3.1152036e+00   2.6812803e+00   2.0881833e+00   1.4715182e+00   9.3828211e-01   5.4134296e-01   2.8260802e-01   1.3349805e-01   5.7064038e-02   2.2075650e-02   7.7341465e-03   2.4646545e-03   7.4767626e-04   3.3207104e-04   5.4327850e-04   1.5730112e-03   4.4600009e-03   1.1521724e-02   2.6952788e-02   5.7057393e-02   1.0929508e-01   1.8943577e-01   2.9709434e-01   4.2159691e-01   5.4134114e-01   6.2894867e-01   6.6119555e-01   6.2894867e-01   5.4134113e-01   4.2159690e-01   2.9709431e-01   1.8943570e-01   1.0929489e-01   5.7056936e-02   2.6951788e-02   1.1519597e-02   4.4551035e-03   1.5590202e-03   4.9368666e-04   1.4159560e-04   3.7187340e-05   1.0094887e-05   5.6898047e-06   9.3918876e-06   1.9201389e-05   3.6673930e-05   6.3549960e-05   9.9664214e-05   1.4143002e-04   1.8159972e-04   2.1098877e-04   2.2180640e-04   2.1098877e-04   1.8159972e-04   1.4143000e-04   9.9664039e-05   6.3548597e-05   3.6664351e-05   1.9140470e-05   9.0413176e-06   3.8643942e-06   1.4945198e-06
   3.3776939e-03   9.6522707e-03   2.4957970e-02   5.8392835e-02   1.2361763e-01   2.3679462e-01   4.1042499e-01   6.4367452e-01   9.1341766e-01   1.1728517e+00   1.3626603e+00   1.4325310e+00   1.3626921e+00   1.1729929e+00   9.1396318e-01   6.4557869e-01   4.1643875e-01   2.5397984e-01   1.6805362e-01   1.6235735e-01   2.4505085e-01   4.3124917e-01   7.3411179e-01   1.1470887e+00   1.6265851e+00   2.0882625e+00   2.4261413e+00   2.5505166e+00   2.4261235e+00   2.0881836e+00   1.6262796e+00   1.1460213e+00   7.3073859e-01   4.2160550e-01   2.2010779e-01   1.0398791e-01   4.4469267e-02   1.7228424e-02   6.0664124e-03   1.9711123e-03   6.5859600e-04   4.2916188e-04   9.2195221e-04   2.7325747e-03   7.7380755e-03   1.9975211e-02   4.6718795e-02   9.8896232e-02   1.8943660e-01   3.2834035e-01   5.1493974e-01   7.3073414e-01   9.3828116e-01   1.0901272e+00   1.1460192e+00   1.0901272e+00   9.3828115e-01   7.3073410e-01   5.1493961e-01   3.2833999e-01   1.8943570e-01   9.8894106e-02   4.6714268e-02   1.9966376e-02   7.7218172e-03   2.7021580e-03   8.5561279e-04   2.4517282e-04   6.3671275e-05   1.5257183e-05   4.0703704e-06   2.7284509e-06   4.5953751e-06   8.6169700e-06   1.4908975e-05   2.3378526e-05   3.3175312e-05   4.2597902e-05   4.9491697e-05   5.2029191e-05   4.9491697e-05   4.2597898e-05   3.3175277e-05   2.3378222e-05   1.4906613e-05   8.6003674e-06   4.4897855e-06   2.1208245e-06   9.0647205e-07   3.5056993e-07
   5.2972785e-03   1.5137774e-02   3.9141888e-02   9.1578194e-02   1.9387104e-01   3.7136789e-01   6.4367452e-01   1.0094826e+00   1.4325240e+00   1.8393974e+00   2.1370756e+00   2.2466498e+00   2.1370980e+00   1.8394969e+00   1.4329084e+00   1.0108244e+00   6.4791234e-01   3.8347811e-01   2.2518455e-01   1.6484075e-01   1.9423872e-01   3.1223209e-01   5.2023689e-01   8.0926339e-01   1.1464997e+00   1.4716424e+00   1.7096890e+00   1.7973222e+00   1.7096614e+00   1.4715195e+00   1.1460231e+00   8.0759512e-01   5.1495876e-01   2.9713098e-01   1.5516038e-01   7.3362246e-02   3.1455106e-02   1.2292772e-02   4.4537735e-03   1.5870351e-03   6.9509942e-04   6.6571037e-04   1.5066587e-03   4.3424488e-03   1.2174721e-02   3.1350340e-02   7.3281722e-02   1.5510588e-01   2.9709818e-01   5.1494111e-01   8.0758659e-01   1.1460194e+00   1.4715178e+00   1.7096597e+00   1.7973159e+00   1.7096597e+00   1.4715178e+00   1.1460192e+00   8.0758607e-01   5.1493961e-01   2.9709431e-01   1.5509683e-01   7.3262556e-02   3.1313510e-02   1.2110219e-02   4.2378234e-03   1.3418529e-03   3.8445485e-04   9.9690077e-05   2.3452630e-05   5.1543772e-06   1.4030886e-06   1.1185454e-06   1.8514486e-06   3.1676029e-06   4.9624572e-06   7.0414408e-06   9.0413235e-06   1.0504513e-05   1.1043090e-05   1.0504512e-05   9.0413176e-06   7.0413852e-06   4.9619803e-06   3.1638983e-06   1.8254105e-06   9.5294787e-07   4.5014070e-07   1.9239686e-07   7.4407757e-08
   7.5171960e-03   2.1481523e-02   5.5544983e-02   1.2995564e-01   2.7511610e-01   5.2699612e-01   9.1341762e-01   1.4325240e+00   2.0328483e+00   2.6102290e+00   3.0326539e+00   3.1881439e+00   3.0326682e+00   2.6102924e+00   2.0330934e+00   1.4333796e+00   9.1611978e-01   5.3471794e-01   2.9508248e-01   1.7666991e-01   1.5443909e-01   2.1091722e-01   3.3585719e-01   5.1731984e-01   7.3141605e-01   9.3845799e-01   1.0901688e+00   1.1460286e+00   1.0901309e+00   9.3828721e-01   7.3074905e-01   5.1497450e-01   3.2841383e-01   1.8957713e-01   9.9139245e-02   4.7098751e-02   2.0512166e-02   8.4236762e-03   3.5230700e-03   1.7443786e-03   1.2004375e-03   1.3096117e-03   2.4646388e-03   6.4013673e-03   1.7430960e-02   4.4577522e-02   1.0403836e-01   2.2012776e-01   4.2161181e-01   7.3073986e-01   1.1460212e+00   1.6262793e+00   2.0881833e+00   2.4261227e+00   2.5505126e+00   2.4261226e+00   2.0881831e+00   1.6262786e+00   1.1460192e+00   7.3073410e-01   4.2159690e-01   2.2009288e-01   1.0396452e-01   4.4435986e-02   1.7185219e-02   6.0137569e-03   1.9041770e-03   5.4555729e-04   1.4143500e-04   3.3189567e-05   7.0783350e-06   1.4387469e-06   4.1800760e-07   3.8751973e-07   6.1288339e-07   9.5362463e-07   1.3523762e-06   1.7363925e-06   2.0173914e-06   2.1208245e-06   2.0173907e-06   1.7363842e-06   1.3522974e-06   9.5294787e-07   6.0762639e-07   3.5056993e-07   1.8301355e-07   8.6449480e-08   3.6949799e-08   1.4290003e-08
